"baseMean" "log2FoldChange" "lfcSE" "stat" "pvalue" "padj" "trin_geneid"
"TRINITY_DN10062_c0_g1" 528.048539229371 -6.86192658544702 1.96509594957769 -3.49190409095377 0.00047959042033226 0.0148789132266955 "TRINITY_DN10062_c0_g1"
"TRINITY_DN10064_c0_g1" 19.1322504480332 -8.14360728339575 1.96266201829371 -4.14926625546849 3.33542676397165e-05 0.00233971410053759 "TRINITY_DN10064_c0_g1"
"TRINITY_DN10107_c0_g1" 104.326974672224 -6.21063807686112 1.50372329698881 -4.13017347626247 3.62489603062139e-05 0.0024960760233557 "TRINITY_DN10107_c0_g1"
"TRINITY_DN10163_c0_g2" 187.336344558083 -4.42185220222363 1.28153503617601 -3.45043411018871 0.000559685771392487 0.0166037087988063 "TRINITY_DN10163_c0_g2"
"TRINITY_DN102788_c0_g1" 14.011444019336 -7.33777550697519 1.67412856020679 -4.38304182927793 1.17033631100704e-05 0.0010742591152274 "TRINITY_DN102788_c0_g1"
"TRINITY_DN10284_c0_g2" 20.8380233268468 -2.40012475904424 0.642685017521431 -3.73452732459911 0.000188068072536227 0.00797178048037426 "TRINITY_DN10284_c0_g2"
"TRINITY_DN10310_c0_g5" 10.3228684601917 -2.13542521560037 0.600998701512636 -3.55312783576034 0.0003806794237126 0.0127907187220666 "TRINITY_DN10310_c0_g5"
"TRINITY_DN10315_c1_g1" 132.098973336812 -2.68764478098441 0.791273780720874 -3.39660538042331 0.000682272810026051 0.0190555993546253 "TRINITY_DN10315_c1_g1"
"TRINITY_DN1032_c0_g1" 470.272478688794 -3.99190844113139 1.07190513504132 -3.72412474820127 0.000195993999569904 0.00822483635474709 "TRINITY_DN1032_c0_g1"
"TRINITY_DN10359_c0_g2" 172.08800507293 -5.44247768707553 1.14604373370968 -4.74892670060552 2.04499038492475e-06 0.000262283007629262 "TRINITY_DN10359_c0_g2"
"TRINITY_DN10432_c0_g1" 11.9305618849805 -5.71084383075039 1.33316721400233 -4.28366657293179 1.83838348812108e-05 0.00150503532737579 "TRINITY_DN10432_c0_g1"
"TRINITY_DN104463_c0_g1" 10.4984069225172 -2.0234320315018 0.638706335014946 -3.16801622369137 0.00153482955231098 0.0336008677286477 "TRINITY_DN104463_c0_g1"
"TRINITY_DN10452_c0_g2" 10.8120653079662 -4.00635538482604 1.22096827831894 -3.28129358965991 0.00103332124958692 0.025746196964901 "TRINITY_DN10452_c0_g2"
"TRINITY_DN10469_c0_g1" 39.0509589707713 -2.43452419514964 0.692151446382452 -3.51732876940985 0.000435913496276219 0.0140199205559108 "TRINITY_DN10469_c0_g1"
"TRINITY_DN104952_c0_g1" 199.691064515496 -4.13581797339931 1.01988383265063 -4.05518534660023 5.00945649728875e-05 0.00313329105865264 "TRINITY_DN104952_c0_g1"
"TRINITY_DN10539_c0_g2" 95.4403625789554 -5.11349190681441 1.07278897252154 -4.76654033345942 1.87416225658153e-06 0.00024393393120819 "TRINITY_DN10539_c0_g2"
"TRINITY_DN10543_c1_g1" 189.111361363657 -4.31451231637389 1.09196999474605 -3.95112717119786 7.77839755228252e-05 0.00420740594873464 "TRINITY_DN10543_c1_g1"
"TRINITY_DN1060_c0_g1" 292.642300466948 -5.41992700083417 1.47481870858707 -3.6749784697447 0.000237869473096429 0.00926995420300938 "TRINITY_DN1060_c0_g1"
"TRINITY_DN1060_c0_g2" 291.792288800278 -4.42660734098075 1.19423781561261 -3.70663806078695 0.000210028764163882 0.0085231309233007 "TRINITY_DN1060_c0_g2"
"TRINITY_DN10679_c3_g1" 16.561999767249 -3.16537522542379 0.847308856861141 -3.73579858134605 0.000187120403891292 0.00797010546040309 "TRINITY_DN10679_c3_g1"
"TRINITY_DN1069_c10_g1" 290.602461174416 -4.91796543809945 0.887254956431248 -5.54289993248467 2.97502896716048e-08 8.85071117730244e-06 "TRINITY_DN1069_c10_g1"
"TRINITY_DN10699_c0_g1" 306.78276985696 -3.71427704381353 1.03185317814873 -3.59961777748012 0.000318685267669466 0.0112485096596892 "TRINITY_DN10699_c0_g1"
"TRINITY_DN10719_c1_g2" 23.2769986483326 -3.37452430347823 1.07925591012769 -3.12671375881461 0.00176771944949191 0.0370909395825382 "TRINITY_DN10719_c1_g2"
"TRINITY_DN10728_c0_g1" 1349.52917248282 -3.86218585638055 0.531957356299445 -7.26032981900616 3.86147596564445e-13 5.36101579896971e-10 "TRINITY_DN10728_c0_g1"
"TRINITY_DN10750_c0_g1" 15.5211382864849 -3.77216430968425 1.20513472011487 -3.13007686752624 0.00174760566837952 0.036761503074751 "TRINITY_DN10750_c0_g1"
"TRINITY_DN10771_c1_g2" 58.3251916391824 -4.60449839616316 1.19519227158298 -3.85251687585355 0.000116909916531647 0.00571178653788047 "TRINITY_DN10771_c1_g2"
"TRINITY_DN10775_c0_g1" 78.1849387240988 -3.66532719499976 1.18149035844909 -3.1022912449418 0.00192028931402546 0.0393022358374252 "TRINITY_DN10775_c0_g1"
"TRINITY_DN10974_c0_g1" 879.64620866942 -2.21587240210432 0.681110619573619 -3.25332235091485 0.00114064021792612 0.0275171349440889 "TRINITY_DN10974_c0_g1"
"TRINITY_DN10975_c1_g1" 19.3248995617977 -3.67021369209569 1.06075873670839 -3.45998912390259 0.000540197206252209 0.0161574245173461 "TRINITY_DN10975_c1_g1"
"TRINITY_DN11039_c0_g1" 47.5111308883025 -5.13067804706095 1.31918704018986 -3.88927262833217 0.000100545118534397 0.00520211700243184 "TRINITY_DN11039_c0_g1"
"TRINITY_DN11068_c0_g1" 30.2317835560916 -4.37106992552979 1.42499891023027 -3.06741983741128 0.00215915364332525 0.0424978484407641 "TRINITY_DN11068_c0_g1"
"TRINITY_DN11069_c0_g1" 17.1301701999671 -2.36829927906006 0.74727707361387 -3.16923850962916 0.00152838917182699 0.0335701563647168 "TRINITY_DN11069_c0_g1"
"TRINITY_DN11083_c0_g1" 221.753096952844 -2.94238471959042 0.688864473543443 -4.2713550089978 1.94288829250612e-05 0.00157255735465293 "TRINITY_DN11083_c0_g1"
"TRINITY_DN1118_c1_g2" 21.7292404450049 -2.08839466155061 0.622773918581681 -3.35337527670839 0.000798323845053744 0.0214171904325207 "TRINITY_DN1118_c1_g2"
"TRINITY_DN11190_c0_g1" 49.397642562966 -4.09767100545079 1.2001824948811 -3.41420660851811 0.000639680471391781 0.0182797198171305 "TRINITY_DN11190_c0_g1"
"TRINITY_DN11200_c0_g1" 79.9605780521073 -2.94747328285998 0.98145869628843 -3.00315570487724 0.0026719568845524 0.0488905015888445 "TRINITY_DN11200_c0_g1"
"TRINITY_DN11203_c0_g1" 44.7200095906656 -4.36707027810851 1.12773113503874 -3.87243922103694 0.000107751550975961 0.0054614736580776 "TRINITY_DN11203_c0_g1"
"TRINITY_DN11243_c0_g1" 951.849952079441 -5.05623925949288 1.024748941372 -4.93412489182302 8.05109128723959e-07 0.000124773191484104 "TRINITY_DN11243_c0_g1"
"TRINITY_DN11344_c1_g1" 14.8674717402667 -16.5288556679217 2.08553287331734 -7.9254831603926 2.27260947706685e-15 3.44197035344852e-12 "TRINITY_DN11344_c1_g1"
"TRINITY_DN11361_c0_g1" 3821.60477600619 -4.46538125932938 1.31598567216578 -3.39318379658382 0.000690852673334005 0.0192307527781863 "TRINITY_DN11361_c0_g1"
"TRINITY_DN114234_c0_g1" 591.827757655896 -5.47517623837394 1.16734707228859 -4.6902728146136 2.7284101869207e-06 0.000328197210932122 "TRINITY_DN114234_c0_g1"
"TRINITY_DN11457_c0_g1" 27.3108198054572 -2.49734023213869 0.672547514025697 -3.71325472187124 0.000204610762932612 0.0084272319170762 "TRINITY_DN11457_c0_g1"
"TRINITY_DN11493_c0_g1" 30.5895299711296 -2.6498170685468 0.68488074794684 -3.86901964537698 0.000109273838317691 0.00550117002606424 "TRINITY_DN11493_c0_g1"
"TRINITY_DN11519_c0_g1" 538.249101153121 -3.13214532414485 0.595271314119768 -5.26171050049064 1.42721364880191e-07 3.03783505053244e-05 "TRINITY_DN11519_c0_g1"
"TRINITY_DN11601_c0_g1" 410.988452134702 -7.7545841534757 1.39833316974864 -5.54559122334889 2.92962543940983e-08 8.79415492262482e-06 "TRINITY_DN11601_c0_g1"
"TRINITY_DN11605_c0_g1" 256.47080295818 -5.17609131978252 1.27216861258928 -4.06871484531243 4.72731592710115e-05 0.00301556951969031 "TRINITY_DN11605_c0_g1"
"TRINITY_DN11616_c0_g1" 23.0690384769703 -2.36138981025426 0.67712684197589 -3.48736700994396 0.00048780145738963 0.0150356563924352 "TRINITY_DN11616_c0_g1"
"TRINITY_DN116406_c0_g1" 12.6297880833295 -4.36228301968801 1.37691271360152 -3.16816235088557 0.00153405827614308 0.0336008677286477 "TRINITY_DN116406_c0_g1"
"TRINITY_DN11740_c4_g1" 15.2022658740254 -3.74058077279876 1.23636643812318 -3.02546288661556 0.00248252869926831 0.0466541772473887 "TRINITY_DN11740_c4_g1"
"TRINITY_DN11751_c0_g1" 419.568497638527 -4.711661698622 0.790041233362975 -5.96381745616723 2.46412014149195e-09 1.01363559400632e-06 "TRINITY_DN11751_c0_g1"
"TRINITY_DN1176_c3_g1" 300.755327419987 -3.64384104440293 1.19122006209218 -3.05891510759408 0.00222140088139688 0.0432595425880444 "TRINITY_DN1176_c3_g1"
"TRINITY_DN11796_c0_g1" 18.9837505263477 -2.58644904847825 0.697778542686968 -3.70669043292517 0.000209985355513238 0.0085231309233007 "TRINITY_DN11796_c0_g1"
"TRINITY_DN1180_c0_g2" 85.3615069076836 -4.15412948795109 1.08815490997927 -3.81759017016265 0.000134761540790712 0.00626255863200352 "TRINITY_DN1180_c0_g2"
"TRINITY_DN118053_c0_g1" 15.6688970031686 -2.01597333519377 0.658963223650641 -3.05931084291066 0.00221846834357329 0.0432276989519662 "TRINITY_DN118053_c0_g1"
"TRINITY_DN11897_c0_g1" 56.6852757862345 -4.42489380131391 1.26369102893779 -3.50156304032111 0.000462537531272221 0.0146221542144121 "TRINITY_DN11897_c0_g1"
"TRINITY_DN11951_c0_g1" 69.5702137718688 -4.56134443312223 1.25200266605661 -3.64323859428268 0.00026922906096618 0.0100653044999386 "TRINITY_DN11951_c0_g1"
"TRINITY_DN12029_c3_g1" 111.843858442109 -2.53423795693022 0.613353266858666 -4.13177542839139 3.59972021507081e-05 0.00248843729390372 "TRINITY_DN12029_c3_g1"
"TRINITY_DN1204_c1_g1" 14.3097257057511 -2.03975358262724 0.644246614666823 -3.16610679232225 0.00154494062860411 0.0337556863902223 "TRINITY_DN1204_c1_g1"
"TRINITY_DN1206_c0_g1" 505.141194267784 -2.86066627170352 0.874714414539577 -3.27040028625719 0.00107395397119769 0.0263894884368047 "TRINITY_DN1206_c0_g1"
"TRINITY_DN12099_c0_g1" 133.972134104798 -4.19484122002867 1.08446385852559 -3.86812449954014 0.0001096756671083 0.00550360425910928 "TRINITY_DN12099_c0_g1"
"TRINITY_DN121100_c3_g1" 101.435705979997 -6.11224995989077 1.499687825954 -4.07568152125432 4.58797762497125e-05 0.00298576981375082 "TRINITY_DN121100_c3_g1"
"TRINITY_DN12135_c0_g1" 1135.16858122829 -6.54927087008215 0.923488770850598 -7.09187927000976 1.32302912294651e-12 1.46944434588593e-09 "TRINITY_DN12135_c0_g1"
"TRINITY_DN12165_c0_g1" 32.0249760915534 -5.08041328640046 1.17607370082921 -4.31980859942572 1.56164586895869e-05 0.00133240031358076 "TRINITY_DN12165_c0_g1"
"TRINITY_DN12173_c0_g1" 273.721942335438 -4.99282873412846 1.05139520667511 -4.74876497669946 2.04662610995223e-06 0.000262283007629262 "TRINITY_DN12173_c0_g1"
"TRINITY_DN12192_c0_g1" 19.0305421891283 -2.97085194898851 0.830537015248628 -3.57702533956197 0.000347526496531407 0.0119747496012683 "TRINITY_DN12192_c0_g1"
"TRINITY_DN12282_c0_g1" 20.9859378492189 -3.8004866803757 0.979994165814181 -3.87807072016418 0.000105288113833463 0.00538067477443404 "TRINITY_DN12282_c0_g1"
"TRINITY_DN1233_c1_g1" 346.333707010582 -2.28846212132095 0.749819972969778 -3.05201542212478 0.00227310421685346 0.0439836425700101 "TRINITY_DN1233_c1_g1"
"TRINITY_DN123840_c0_g2" 4111.14570512999 -3.92860165984713 1.03101416150537 -3.81042453782692 0.000138728354462303 0.00636614583386206 "TRINITY_DN123840_c0_g2"
"TRINITY_DN1240_c1_g1" 36.8970549788712 -3.61146929005025 0.94247339879163 -3.83190580729452 0.00012715442455819 0.0060267218012502 "TRINITY_DN1240_c1_g1"
"TRINITY_DN124028_c0_g1" 16.0708739601574 -3.2691012037625 0.928638715209717 -3.52031543615348 0.00043103385540428 0.0139032411055863 "TRINITY_DN124028_c0_g1"
"TRINITY_DN12465_c0_g2" 420.393731953891 -2.26190232320411 0.647748390121721 -3.49194588160854 0.000479515391939145 0.0148789132266955 "TRINITY_DN12465_c0_g2"
"TRINITY_DN12528_c0_g1" 295.436533977727 -7.67868691242114 1.41227427872653 -5.43710738635356 5.41525035171274e-08 1.47844183370801e-05 "TRINITY_DN12528_c0_g1"
"TRINITY_DN12559_c0_g1" 122.310310585256 -6.01289090991382 1.43691858652114 -4.18457313192069 2.85702460859208e-05 0.00210610752120107 "TRINITY_DN12559_c0_g1"
"TRINITY_DN126_c1_g1" 381.623505976584 -4.63056360038158 1.15621159585303 -4.00494478431973 6.20319689784027e-05 0.00356978446694366 "TRINITY_DN126_c1_g1"
"TRINITY_DN12671_c0_g1" 1013.54764510546 -3.0975576890999 0.707544029982246 -4.37790096141101 1.19827776044866e-05 0.00109688502687223 "TRINITY_DN12671_c0_g1"
"TRINITY_DN12672_c0_g1" 262.305741193597 -2.03271192386413 0.590460061819883 -3.44259003326833 0.000576172039520972 0.0169037548671823 "TRINITY_DN12672_c0_g1"
"TRINITY_DN1268_c3_g1" 274.697913055969 -2.78661686107764 0.91865642390005 -3.03336131831243 0.00241845842224999 0.0458379036572069 "TRINITY_DN1268_c3_g1"
"TRINITY_DN1268_c3_g2" 3150.43659792599 -2.40405576840901 0.355543135235768 -6.76164304737546 1.3643551464964e-11 1.08238841622047e-08 "TRINITY_DN1268_c3_g2"
"TRINITY_DN12685_c0_g1" 34.3537925778558 -4.30166769550473 1.16977741405352 -3.67733864906707 0.000235680059915187 0.00922780211089779 "TRINITY_DN12685_c0_g1"
"TRINITY_DN12688_c0_g1" 316.082522950634 -3.09160627906435 0.599615364670736 -5.15598242010031 2.52304568124689e-07 4.91625041515476e-05 "TRINITY_DN12688_c0_g1"
"TRINITY_DN12737_c0_g1" 43.4924109527653 -2.73941073045026 0.766342085039629 -3.57465782439523 0.00035068622508027 0.0120462525976027 "TRINITY_DN12737_c0_g1"
"TRINITY_DN1278_c2_g1" 953.802130145168 -2.49856518970082 0.433556219973156 -5.76295547058584 8.26536081061424e-09 2.92980661925177e-06 "TRINITY_DN1278_c2_g1"
"TRINITY_DN128669_c1_g1" 81.5983948623589 -3.51503983215643 1.14129420973052 -3.07987178256727 0.00207089725658439 0.0414428207744094 "TRINITY_DN128669_c1_g1"
"TRINITY_DN12902_c0_g1" 106.443980052846 -25.2524635073763 1.47364973104598 -17.1360011645728 7.99645456446198e-66 1.33220933043937e-61 "TRINITY_DN12902_c0_g1"
"TRINITY_DN12987_c0_g2" 10.3425497082721 -2.96163043958525 0.989621047008555 -2.99269144339414 0.00276529170748304 0.0498526093851212 "TRINITY_DN12987_c0_g2"
"TRINITY_DN130329_c0_g1" 17.9100534323067 -6.83877367692086 1.97060494161336 -3.47039304150018 0.000519697278173659 0.015695206200324 "TRINITY_DN130329_c0_g1"
"TRINITY_DN13109_c0_g4" 26.9422089880262 -4.06867057341471 1.15720937331272 -3.51593295668476 0.000438211625428456 0.0140666776100926 "TRINITY_DN13109_c0_g4"
"TRINITY_DN13127_c0_g1" 62.5808179920948 -2.02668671999297 0.509776271775273 -3.97563957407262 7.01903627163517e-05 0.00390441216311993 "TRINITY_DN13127_c0_g1"
"TRINITY_DN13155_c0_g1" 516.982094696308 -5.80727825972979 1.54460583936125 -3.75971533432199 0.00017010680612218 0.00736098542855977 "TRINITY_DN13155_c0_g1"
"TRINITY_DN131588_c0_g2" 448.796809975666 -4.99910561163717 1.65200909863276 -3.02607631869252 0.00247749760516981 0.0466345482437056 "TRINITY_DN131588_c0_g2"
"TRINITY_DN131812_c0_g1" 15.1917547123983 -4.02041995172188 1.28990531091052 -3.11683339677386 0.0018280484857639 0.0378797111602321 "TRINITY_DN131812_c0_g1"
"TRINITY_DN1321_c17_g1" 13.0993093858587 -2.77218939776181 0.849785266244017 -3.26222342029377 0.00110541983419828 0.0269638278737093 "TRINITY_DN1321_c17_g1"
"TRINITY_DN13236_c0_g1" 53.8519404397069 -3.02887582314755 0.867070584217553 -3.49322866936008 0.000477217671779823 0.0148508985524941 "TRINITY_DN13236_c0_g1"
"TRINITY_DN1326_c0_g2" 247.807114583172 -2.2875456220355 0.381523882047657 -5.9958123977931 2.02470656782369e-09 8.76145751167341e-07 "TRINITY_DN1326_c0_g2"
"TRINITY_DN132873_c0_g2" 32.6629627521781 -3.3133879900381 1.04312942217249 -3.17639203689359 0.00149119282927149 0.032883219769243 "TRINITY_DN132873_c0_g2"
"TRINITY_DN1337_c2_g1" 835.074067272932 -2.52847594875927 0.753079017551817 -3.35751745810032 0.000786457768093508 0.0212356343864471 "TRINITY_DN1337_c2_g1"
"TRINITY_DN134_c2_g3" 118.645133063456 -4.23361971498587 0.829881631563623 -5.10147417892488 3.3701800699603e-07 6.38036363244756e-05 "TRINITY_DN134_c2_g3"
"TRINITY_DN13407_c0_g1" 58.4709620574717 -5.08880318331523 1.23631908694781 -4.11609206477457 3.85350431077733e-05 0.00261502722652342 "TRINITY_DN13407_c0_g1"
"TRINITY_DN13428_c0_g1" 40.6672660217896 -2.83589316139081 0.876995959449461 -3.23364450067826 0.00122221488823195 0.0286790141379497 "TRINITY_DN13428_c0_g1"
"TRINITY_DN1348_c0_g1" 452.966538522028 -5.7422595504397 0.907519314785901 -6.32742406346955 2.49287578854886e-10 1.43211415990428e-07 "TRINITY_DN1348_c0_g1"
"TRINITY_DN13814_c1_g1" 76.7862663912719 -2.7056349184698 0.775773265164307 -3.48766197543138 0.000487263680561688 0.0150329868854773 "TRINITY_DN13814_c1_g1"
"TRINITY_DN13848_c0_g1" 27.3074580627237 -2.15821392733398 0.63530418918994 -3.39713473334068 0.000680954301716937 0.0190507114468584 "TRINITY_DN13848_c0_g1"
"TRINITY_DN1387_c0_g1" 3307.40247992647 -2.66519807910625 0.884130236025283 -3.01448584214016 0.00257415224977705 0.0478097842600732 "TRINITY_DN1387_c0_g1"
"TRINITY_DN139_c1_g1" 716.594307239925 -4.07598498773495 0.952458407277512 -4.27943620066903 1.87367335592318e-05 0.00152270234681367 "TRINITY_DN139_c1_g1"
"TRINITY_DN13923_c0_g1" 15.4367353653954 -3.86407775521982 1.29103380492232 -2.99301051644603 0.00276240230344262 0.0498339170279958 "TRINITY_DN13923_c0_g1"
"TRINITY_DN13979_c1_g1" 17.6598995375342 -23.0805773860387 1.61921384595773 -14.2541872672705 4.22188761704977e-46 1.62275185586912e-42 "TRINITY_DN13979_c1_g1"
"TRINITY_DN13996_c0_g1" 28.1702255650415 -4.06910567640264 1.24103353909508 -3.2788039551048 0.00104248029908509 0.02588334095791 "TRINITY_DN13996_c0_g1"
"TRINITY_DN140307_c0_g1" 83.8253991461315 -3.07816310661661 0.876166302255618 -3.51321786593725 0.000442714304773766 0.0140818740392444 "TRINITY_DN140307_c0_g1"
"TRINITY_DN14299_c0_g1" 34.8112501679238 -5.70299485004372 1.69275362920989 -3.36906372648314 0.000754239884088634 0.0205709881510699 "TRINITY_DN14299_c0_g1"
"TRINITY_DN14554_c0_g2" 21.4238283537587 -4.14987570667742 1.32855809444759 -3.12359370961714 0.00178656964566783 0.0373274240964024 "TRINITY_DN14554_c0_g2"
"TRINITY_DN14581_c0_g1" 65.7026357942967 -4.72949732766943 1.16056632573425 -4.07516332569554 4.59820632748827e-05 0.00298659327157717 "TRINITY_DN14581_c0_g1"
"TRINITY_DN14704_c0_g1" 48233.0539817781 -15.6800214274186 0.98498903850702 -15.9189806327036 4.67938498393935e-57 3.11834215329719e-53 "TRINITY_DN14704_c0_g1"
"TRINITY_DN1471_c1_g1" 424.668950909396 -3.65992695986662 1.12857180785225 -3.24297216570714 0.00118289766766005 0.0282538711730701 "TRINITY_DN1471_c1_g1"
"TRINITY_DN14722_c1_g1" 19.4672475333504 -4.55137617985851 1.41969260971536 -3.20588847804951 0.00134646161211291 0.030770988282306 "TRINITY_DN14722_c1_g1"
"TRINITY_DN1474_c3_g1" 877.949647979606 -2.41178018067726 0.669210598135807 -3.60391809005366 0.000313455877134013 0.0111584934039587 "TRINITY_DN1474_c3_g1"
"TRINITY_DN1475_c0_g1" 697.235714657355 -3.80609422853188 0.679177706348464 -5.60397403058913 2.09492109224329e-08 6.5236234386492e-06 "TRINITY_DN1475_c0_g1"
"TRINITY_DN1477_c0_g3" 58.3197804609145 -6.30905366170568 1.56917157126176 -4.02062704757811 5.80434354798179e-05 0.00342302171714607 "TRINITY_DN1477_c0_g3"
"TRINITY_DN14791_c1_g1" 668.931555703169 -2.32029462897709 0.65769526472648 -3.52791749221738 0.000418842687558277 0.0136239807643359 "TRINITY_DN14791_c1_g1"
"TRINITY_DN148_c0_g1" 209.658238025043 -5.28047156018219 1.09833703506046 -4.80769690142654 1.52679013418858e-06 0.000208542652466987 "TRINITY_DN148_c0_g1"
"TRINITY_DN1486_c0_g1" 267.020234412514 -5.61193027328557 1.21312601839167 -4.62600767620639 3.72781487958443e-06 0.000419631053337004 "TRINITY_DN1486_c0_g1"
"TRINITY_DN148778_c0_g1" 77.0919498336784 -3.5878603956599 1.03852580915234 -3.45476286101005 0.000550777027025114 0.0164149289270812 "TRINITY_DN148778_c0_g1"
"TRINITY_DN148870_c0_g1" 152.770189895533 -5.8302385692333 1.55434274199425 -3.75093498474667 0.000176176381870304 0.00758423390687149 "TRINITY_DN148870_c0_g1"
"TRINITY_DN14989_c0_g1" 17.154167745194 -2.12613818382302 0.670621655049046 -3.17039893927601 0.00152229776304048 0.0334584178525783 "TRINITY_DN14989_c0_g1"
"TRINITY_DN1505_c0_g1" 4595.48146925662 -4.96646468632007 0.93820934987673 -5.29355701579036 1.19959817486665e-07 2.66470741243712e-05 "TRINITY_DN1505_c0_g1"
"TRINITY_DN15112_c0_g2" 63.6934152660718 -3.90998771973529 1.24375458540564 -3.14369712933366 0.00166828007977278 0.0356533860339122 "TRINITY_DN15112_c0_g2"
"TRINITY_DN15292_c0_g1" 125.107867520736 -3.34369842946841 0.528119837355 -6.33132518978034 2.43064448949838e-10 1.42086095421203e-07 "TRINITY_DN15292_c0_g1"
"TRINITY_DN153453_c0_g1" 86.2931155168611 -3.83834858339543 1.04547156297437 -3.67140410062931 0.000241221590332717 0.0093459341742862 "TRINITY_DN153453_c0_g1"
"TRINITY_DN15367_c1_g2" 18.3856727358568 -3.45928995269523 0.976482288645596 -3.54260388838526 0.000396197331109659 0.0131356169876357 "TRINITY_DN15367_c1_g2"
"TRINITY_DN15399_c0_g1" 208.092127604125 -3.36601392674143 0.998641217824567 -3.37059382955765 0.000750063578429838 0.0205239996846251 "TRINITY_DN15399_c0_g1"
"TRINITY_DN15461_c0_g1" 48.3046978614326 -3.48599953262618 0.667306290824349 -5.22398721630481 1.75110874100339e-07 3.60874134308337e-05 "TRINITY_DN15461_c0_g1"
"TRINITY_DN15643_c0_g1" 12.9104569429991 -5.4233602947209 1.21546501366919 -4.46196330929272 8.12121336236784e-06 0.000793409095477125 "TRINITY_DN15643_c0_g1"
"TRINITY_DN15684_c1_g1" 60.4376775161971 -3.23160782937901 0.879041510712889 -3.67628580675129 0.000236654379317375 0.00924914963934323 "TRINITY_DN15684_c1_g1"
"TRINITY_DN15688_c1_g1" 62.5344539456815 -3.721171718189 1.03696640707675 -3.58851713304691 0.000332564141838288 0.0116153429832828 "TRINITY_DN15688_c1_g1"
"TRINITY_DN15689_c0_g1" 1091.51528857855 -2.14005977661772 0.663240569315454 -3.22667200353338 0.00125238933100487 0.0291407908582977 "TRINITY_DN15689_c0_g1"
"TRINITY_DN1572_c0_g1" 42.0738878448158 -5.04378359182278 1.27645044872914 -3.95141354436788 7.76909391049317e-05 0.00420740594873464 "TRINITY_DN1572_c0_g1"
"TRINITY_DN157874_c0_g1" 110.070173591464 -3.44293179932494 0.934587070641411 -3.68390694401758 0.000229686121623505 0.00905871601939944 "TRINITY_DN157874_c0_g1"
"TRINITY_DN15862_c0_g1" 148.384404516929 -2.59295562832816 0.638695451195794 -4.05976842871436 4.91214082762866e-05 0.00308981942352806 "TRINITY_DN15862_c0_g1"
"TRINITY_DN15971_c0_g1" 9.89587951456512 -4.19025304662646 1.24320432290138 -3.37052644479813 0.000750247047295121 0.0205239996846251 "TRINITY_DN15971_c0_g1"
"TRINITY_DN15995_c0_g1" 37.6824092338621 -3.3179265548757 0.912404559442551 -3.63646424224671 0.000276405992261636 0.0101991668462433 "TRINITY_DN15995_c0_g1"
"TRINITY_DN16024_c0_g1" 19.7900035980826 -5.56900794405247 1.49166587430618 -3.73341513000879 0.000188900865010863 0.0079875340382766 "TRINITY_DN16024_c0_g1"
"TRINITY_DN16033_c2_g1" 235.709198849506 -3.63653842205837 0.684181999676313 -5.31516237460034 1.06562259960502e-07 2.44872724267857e-05 "TRINITY_DN16033_c2_g1"
"TRINITY_DN16263_c0_g1" 15.7060158563435 -4.74597133588916 1.22588316384632 -3.8714711775617 0.000108180450610181 0.0054614736580776 "TRINITY_DN16263_c0_g1"
"TRINITY_DN16321_c0_g2" 263.316007189954 -3.70012795923856 0.861695794572029 -4.294007215245 1.75476767600764e-05 0.00144784639276585 "TRINITY_DN16321_c0_g2"
"TRINITY_DN164494_c0_g1" 70.1812204234803 -3.0365240834964 0.848346181828525 -3.57934549425504 0.000344455828933939 0.0119182432191888 "TRINITY_DN164494_c0_g1"
"TRINITY_DN1674_c0_g1" 710.665592103318 -2.05191442741316 0.600582149449178 -3.41654248181546 0.000634217676556479 0.0181703636997953 "TRINITY_DN1674_c0_g1"
"TRINITY_DN16740_c0_g1" 19.3214813189162 -4.88341386575032 1.13053964095951 -4.31954235731681 1.56353098022232e-05 0.00133240031358076 "TRINITY_DN16740_c0_g1"
"TRINITY_DN16770_c0_g1" 22.5550002028846 -6.74687068863511 2.21511251104263 -3.04583656812061 0.00232033921383545 0.0446318683146276 "TRINITY_DN16770_c0_g1"
"TRINITY_DN16791_c0_g1" 187.902346273186 -2.3101229514147 0.72714856914056 -3.17696142088969 0.00148826832110579 0.0328622269444963 "TRINITY_DN16791_c0_g1"
"TRINITY_DN16808_c0_g1" 30.4138552433094 -5.83545762934912 1.15171001721157 -5.06677682935975 4.04608173779504e-07 7.32692627735493e-05 "TRINITY_DN16808_c0_g1"
"TRINITY_DN16815_c0_g2" 31798.6255768355 -12.9832060685146 0.97038685592336 -13.379412539714 7.9775391454247e-41 2.04470464865809e-37 "TRINITY_DN16815_c0_g2"
"TRINITY_DN16907_c0_g1" 408.55513803465 -2.39845052177668 0.574340146561347 -4.17601056819121 2.96666042477765e-05 0.00215017121604391 "TRINITY_DN16907_c0_g1"
"TRINITY_DN16976_c0_g1" 79.2150242021155 -5.45562774650873 1.04821558733835 -5.20468099540647 1.94330139490543e-07 3.90065075170175e-05 "TRINITY_DN16976_c0_g1"
"TRINITY_DN17644_c0_g1" 362.558615354555 -5.33658831108241 1.32066008499383 -4.04084924782694 5.32579871527516e-05 0.00323234268111053 "TRINITY_DN17644_c0_g1"
"TRINITY_DN17763_c0_g1" 23.8217290178362 -7.41669759988815 1.99717012639931 -3.71360331393484 0.000204328993584463 0.0084272319170762 "TRINITY_DN17763_c0_g1"
"TRINITY_DN1799_c7_g1" 607.262308815666 -3.71360525340302 0.922633363092246 -4.02500646731082 5.69737496780313e-05 0.00338389543542246 "TRINITY_DN1799_c7_g1"
"TRINITY_DN181_c1_g1" 67.534114862561 -5.11250966312126 1.2679266385386 -4.03218096988158 5.52616057476065e-05 0.0033236763601268 "TRINITY_DN181_c1_g1"
"TRINITY_DN181_c1_g2" 43.2825402071416 -5.34911137496504 1.38648795105556 -3.85802946999479 0.000114304868328421 0.00562575806898519 "TRINITY_DN181_c1_g2"
"TRINITY_DN18192_c0_g4" 21.7647028029952 -4.8933303617835 1.32709909357464 -3.68723811618539 0.000226701205785346 0.00900319925717251 "TRINITY_DN18192_c0_g4"
"TRINITY_DN1823_c0_g1" 296.741559613077 -12.1115033325664 1.39836235187304 -8.66120524222037 4.6680219990547e-18 9.35517602056306e-15 "TRINITY_DN1823_c0_g1"
"TRINITY_DN1830_c2_g1" 20.4247440899881 -4.1673178654636 1.26150719435545 -3.30344359834812 0.000955051790927515 0.0242289758439899 "TRINITY_DN1830_c2_g1"
"TRINITY_DN18316_c0_g1" 34.0151477027102 -4.69744983915953 1.31991693854022 -3.55889806547579 0.0003724140254138 0.0125850256863974 "TRINITY_DN18316_c0_g1"
"TRINITY_DN18353_c2_g1" 60.8805208751421 -7.14570254067004 1.92738854855102 -3.70745304367512 0.000209354219404547 0.0085231309233007 "TRINITY_DN18353_c2_g1"
"TRINITY_DN187_c1_g2" 4507.18067948936 -4.12106516498997 1.31125917163588 -3.14283038329385 0.00167322767388254 0.0356926671534995 "TRINITY_DN187_c1_g2"
"TRINITY_DN189426_c0_g1" 156.166243054404 -9.62678660840664 2.2695926195802 -4.24163637357407 2.21895994851827e-05 0.00174376758218464 "TRINITY_DN189426_c0_g1"
"TRINITY_DN18950_c1_g1" 42.9860166679705 -2.05616090416687 0.567009971894902 -3.62632229781664 0.000287486498325389 0.0105148739014291 "TRINITY_DN18950_c1_g1"
"TRINITY_DN19141_c0_g1" 13.2856652200765 -5.99043028082556 1.55603268225049 -3.84981006450431 0.000118209455328763 0.00572491141214302 "TRINITY_DN19141_c0_g1"
"TRINITY_DN1925_c5_g1" 28.0457891919704 -5.27647601636002 1.48030696401081 -3.56444720226385 0.000364623834822145 0.0123719614829673 "TRINITY_DN1925_c5_g1"
"TRINITY_DN19302_c0_g1" 414.871815110083 -2.6548047322252 0.578049994650215 -4.59269052295667 4.37567719820578e-06 0.000476462628249074 "TRINITY_DN19302_c0_g1"
"TRINITY_DN19398_c0_g1" 15.8437106122849 -3.64515190214875 0.85533224638532 -4.26167950238443 2.02896286724723e-05 0.00162512121963168 "TRINITY_DN19398_c0_g1"
"TRINITY_DN194_c5_g1" 131.373304398435 -3.2391384370325 0.765603425962031 -4.23083064572538 2.32829923082618e-05 0.00179997518262479 "TRINITY_DN194_c5_g1"
"TRINITY_DN19416_c0_g1" 21.5955002336543 -2.5026016180787 0.792521385119368 -3.15777172082463 0.00158979998291123 0.034397490539352 "TRINITY_DN19416_c0_g1"
"TRINITY_DN19597_c0_g1" 266.346749342282 -3.57308034260312 1.11925617205759 -3.19237046156694 0.00141110222550968 0.0318118580202859 "TRINITY_DN19597_c0_g1"
"TRINITY_DN1965_c1_g1" 570.594210567972 -2.39744884608496 0.359721529807558 -6.66473548960923 2.65142447287717e-11 1.96323252080594e-08 "TRINITY_DN1965_c1_g1"
"TRINITY_DN19733_c0_g2" 27.1255624105867 -2.10177933790723 0.700250403417392 -3.00146822857943 0.00268681075403197 0.0490276748764212 "TRINITY_DN19733_c0_g2"
"TRINITY_DN19735_c0_g1" 71.4157614579371 -2.84989864717286 0.811180113186009 -3.51327479661642 0.000442619449868735 0.0140818740392444 "TRINITY_DN19735_c0_g1"
"TRINITY_DN19774_c0_g1" 24.8145136975854 -4.3042477520012 1.17575506749522 -3.6608370833313 0.000251392577606447 0.00963912622076735 "TRINITY_DN19774_c0_g1"
"TRINITY_DN19836_c0_g1" 137.807600703095 -3.53173724356385 1.16619337997094 -3.02843190865296 0.0024582646871801 0.0463288344891634 "TRINITY_DN19836_c0_g1"
"TRINITY_DN19947_c0_g1" 758.579075843813 -2.7194447683808 0.53446538640893 -5.08815881726736 3.61556533003189e-07 6.69281315537014e-05 "TRINITY_DN19947_c0_g1"
"TRINITY_DN200_c0_g1" 2371.89353141081 -7.16322591649574 1.61909440958525 -4.42421755895673 9.67924419700867e-06 0.000913632908340875 "TRINITY_DN200_c0_g1"
"TRINITY_DN20063_c0_g1" 22.1688779563419 -2.22407671667085 0.572858140195774 -3.88242142445732 0.000103421440351656 0.00530971092837776 "TRINITY_DN20063_c0_g1"
"TRINITY_DN203_c2_g1" 69.8787647592456 -3.51038598759139 0.87536171002507 -4.0102119471171 6.0664268282043e-05 0.0035153624681003 "TRINITY_DN203_c2_g1"
"TRINITY_DN20402_c0_g1" 87.928415788486 -3.8135553376038 1.15444325987567 -3.30337182445372 0.000955296295374502 0.0242289758439899 "TRINITY_DN20402_c0_g1"
"TRINITY_DN20413_c0_g2" 25.5704664727257 -2.01590782790442 0.529434030828492 -3.8076657534647 0.000140284708427128 0.00638563727430586 "TRINITY_DN20413_c0_g2"
"TRINITY_DN2048_c0_g1" 290.567376664496 -2.29809063971189 0.541909638999901 -4.24072663470802 2.22797347815564e-05 0.00174673120687402 "TRINITY_DN2048_c0_g1"
"TRINITY_DN2062_c9_g1" 1046.98690845251 -4.4325444686743 0.52008823115764 -8.52267789026509 1.559059306195e-17 2.88599200457875e-14 "TRINITY_DN2062_c9_g1"
"TRINITY_DN20636_c0_g1" 52.1534663321699 -6.71281360566397 1.37832356223506 -4.87027414287152 1.11443521059893e-06 0.000164305226624585 "TRINITY_DN20636_c0_g1"
"TRINITY_DN20660_c1_g1" 39.9505696099894 -2.70120634044476 0.880279601077212 -3.06857768502104 0.00215080399877144 0.0424303074239576 "TRINITY_DN20660_c1_g1"
"TRINITY_DN2084_c0_g1" 85.8561620056864 -6.46327301931453 1.35188037659631 -4.78095039413725 1.7446841332758e-06 0.000231605080959162 "TRINITY_DN2084_c0_g1"
"TRINITY_DN2098_c0_g2" 305.27305845022 -2.83237681515964 0.675893735231448 -4.19056527308947 2.78260349075764e-05 0.00206036329582322 "TRINITY_DN2098_c0_g2"
"TRINITY_DN21026_c0_g1" 399.997994128659 -2.17400858721152 0.534368881889778 -4.06836674232079 4.73438242637709e-05 0.00301556951969031 "TRINITY_DN21026_c0_g1"
"TRINITY_DN21393_c0_g1" 73.2317287742112 -5.76467492019977 1.52718022661466 -3.77471815031188 0.000160188674421989 0.00700457563220562 "TRINITY_DN21393_c0_g1"
"TRINITY_DN216_c1_g1" 819.141893110862 -3.81935270101202 0.994901680599873 -3.83892476562021 0.000123574285364405 0.00590814077257615 "TRINITY_DN216_c1_g1"
"TRINITY_DN21618_c0_g1" 102.494432149007 -2.59164000809612 0.726948057330765 -3.56509654570397 0.000363722274786658 0.012359718312826 "TRINITY_DN21618_c0_g1"
"TRINITY_DN2162_c2_g1" 38.0481871074621 -3.27233888867241 1.08794950155621 -3.00780402398422 0.00263142770399073 0.0485488212054104 "TRINITY_DN2162_c2_g1"
"TRINITY_DN21796_c0_g1" 693.998222272316 -4.92294217997427 1.16822230115007 -4.21404571298443 2.5083648237728e-05 0.00190384318742846 "TRINITY_DN21796_c0_g1"
"TRINITY_DN2182_c0_g1" 11065.6895882136 -3.29353116359446 0.650877779845543 -5.06013765652905 4.18953901997865e-07 7.46499679923469e-05 "TRINITY_DN2182_c0_g1"
"TRINITY_DN2188_c0_g1" 242.970379212086 -10.7953419849829 1.94982664445584 -5.53656501498661 3.08461368009471e-08 8.9432664219567e-06 "TRINITY_DN2188_c0_g1"
"TRINITY_DN2204_c0_g1" 60.2837626705183 -3.56491519361941 1.09250618494623 -3.26306179565919 0.00110215484496073 0.026909902832257 "TRINITY_DN2204_c0_g1"
"TRINITY_DN22113_c0_g1" 304.576913366261 -4.8230655380355 1.35137258893369 -3.56901240822205 0.000358329456009796 0.012258252026947 "TRINITY_DN22113_c0_g1"
"TRINITY_DN2219_c4_g1" 75.111561995192 -4.23953910954143 0.903665932493247 -4.69148936249526 2.71223376007139e-06 0.000328197210932122 "TRINITY_DN2219_c4_g1"
"TRINITY_DN2238_c3_g2" 211.67378315086 -2.76034938153941 0.785709045245164 -3.51319537205798 0.000442751788122195 0.0140818740392444 "TRINITY_DN2238_c3_g2"
"TRINITY_DN22465_c0_g2" 35.1691942433238 -2.02058299063086 0.558371679700769 -3.61870607713073 0.000296079679312695 0.010737983605798 "TRINITY_DN22465_c0_g2"
"TRINITY_DN2254_c1_g1" 1193.28759503929 -9.09274075409509 1.46100896382018 -6.22360367339554 4.85863502170637e-10 2.5290434650339e-07 "TRINITY_DN2254_c1_g1"
"TRINITY_DN22543_c0_g1" 20.2557290720179 -2.10022438488453 0.501151456600864 -4.19079772635925 2.77975393710422e-05 0.00206036329582322 "TRINITY_DN22543_c0_g1"
"TRINITY_DN22757_c0_g1" 24.5775334344542 -4.70936802164058 1.39305753695936 -3.38059835771017 0.000723281831036259 0.0200248317000627 "TRINITY_DN22757_c0_g1"
"TRINITY_DN2281_c1_g1" 192.827420102898 -2.43250921322364 0.478608783415772 -5.0824583616354 3.72581001896586e-07 6.85878396861561e-05 "TRINITY_DN2281_c1_g1"
"TRINITY_DN2284_c0_g2" 827.556060316494 -4.39493039319255 1.31388036064695 -3.34500044663769 0.000822824378864563 0.0219156741037308 "TRINITY_DN2284_c0_g2"
"TRINITY_DN2292_c0_g2" 124.661481763041 -8.37870377179922 1.59448832321965 -5.25479155274127 1.48192215605536e-07 3.11421979214306e-05 "TRINITY_DN2292_c0_g2"
"TRINITY_DN2296_c0_g1" 95.9661004138513 -2.42085856627311 0.687015300017306 -3.5237331194984 0.000425512601963696 0.0137533337198308 "TRINITY_DN2296_c0_g1"
"TRINITY_DN23_c3_g1" 13.7512324146195 -3.70798684136526 1.05130850494816 -3.52702068318957 0.000420263932044967 0.0136483374422401 "TRINITY_DN23_c3_g1"
"TRINITY_DN23094_c0_g1" 116.959218289051 -2.77037300070417 0.676895871375688 -4.09276096643019 4.26267079976013e-05 0.00281251863461401 "TRINITY_DN23094_c0_g1"
"TRINITY_DN23323_c0_g1" 25.7038795103763 -5.2735749057455 1.57492466928691 -3.34846168111219 0.000812615172262668 0.0217480622809575 "TRINITY_DN23323_c0_g1"
"TRINITY_DN23497_c0_g1" 19.5676883054735 -4.04335475873051 1.23708791508918 -3.26844576639407 0.00108139900029932 0.0265332950588906 "TRINITY_DN23497_c0_g1"
"TRINITY_DN2374_c3_g1" 270.825055469407 -3.98316213454786 0.860782144156435 -4.62737541849379 3.70328860748002e-06 0.000418283309834692 "TRINITY_DN2374_c3_g1"
"TRINITY_DN238760_c0_g1" 60.9910487507223 -19.6368016741603 4.92308261777328 -3.98872072617015 6.64305734643742e-05 0.00376439916298121 "TRINITY_DN238760_c0_g1"
"TRINITY_DN238857_c0_g1" 27.9515784504183 -3.91170037682552 1.1816547709371 -3.31035804452716 0.000931767007644143 0.0239702511859472 "TRINITY_DN238857_c0_g1"
"TRINITY_DN23930_c0_g1" 21.8635490537676 -3.38665219669082 1.11507538027864 -3.03715090171262 0.00238825862815823 0.0454724442801326 "TRINITY_DN23930_c0_g1"
"TRINITY_DN2396_c0_g2" 27.5331883375821 -4.67250280372043 1.21651483308671 -3.84089258645924 0.000122587750308712 0.00590263560735012 "TRINITY_DN2396_c0_g2"
"TRINITY_DN2419_c0_g1" 62.9853437971811 -4.96212949444438 1.23567296243536 -4.0157304119244 5.92619679890562e-05 0.00347376098789178 "TRINITY_DN2419_c0_g1"
"TRINITY_DN2439_c1_g1" 74.9997433184434 -2.89561061228495 0.909269769017718 -3.18454512725422 0.00144981703572123 0.0322482667758555 "TRINITY_DN2439_c1_g1"
"TRINITY_DN244_c2_g1" 13.3477178443909 -5.84790453829465 1.63936522331133 -3.56717615766093 0.000360848911801683 0.0123191452266722 "TRINITY_DN244_c2_g1"
"TRINITY_DN24432_c0_g2" 10.1803867033236 -2.02926235628554 0.64695925495267 -3.13661539076984 0.00170910167393876 0.0361305339619806 "TRINITY_DN24432_c0_g2"
"TRINITY_DN2444_c0_g1" 631.415995429864 -7.19115393981273 0.593922768502563 -12.1078940245775 9.59254920288998e-34 2.28302671028781e-30 "TRINITY_DN2444_c0_g1"
"TRINITY_DN24662_c0_g1" 1997.72857076909 -4.03053178128556 0.850876048456149 -4.73692001155592 2.16990760159227e-06 0.000270791465487095 "TRINITY_DN24662_c0_g1"
"TRINITY_DN2483_c0_g1" 113.065969909385 -2.45581799847929 0.770862121619622 -3.18580707185285 0.00144350823874982 0.0321892683699196 "TRINITY_DN2483_c0_g1"
"TRINITY_DN24847_c0_g1" 19.4638301975087 -2.37060634719509 0.6070402901921 -3.90518781948543 9.41522311563357e-05 0.00493262946875645 "TRINITY_DN24847_c0_g1"
"TRINITY_DN2486_c1_g1" 469.088044711368 -2.47101418096743 0.549887901791137 -4.49366893310192 7.00064371224759e-06 0.000711162952719786 "TRINITY_DN2486_c1_g1"
"TRINITY_DN249_c0_g1" 33.6802491529043 -4.47171906107688 1.23489154177604 -3.62114316099824 0.000293304148573808 0.0106807587218353 "TRINITY_DN249_c0_g1"
"TRINITY_DN24964_c0_g1" 217.829409949238 -2.06046039458385 0.668880734878525 -3.08046006880144 0.00206681066476319 0.041410782531515 "TRINITY_DN24964_c0_g1"
"TRINITY_DN24981_c0_g1" 423.527546052676 -4.05730111862545 1.05038049203328 -3.86269656510044 0.00011214226643899 0.00556038737759991 "TRINITY_DN24981_c0_g1"
"TRINITY_DN25242_c1_g1" 580.994066377094 -2.03245452414429 0.672819322449537 -3.02080284606679 0.00252105454280636 0.0471653775217899 "TRINITY_DN25242_c1_g1"
"TRINITY_DN25486_c0_g1" 375.131487350795 -3.5488847919583 1.08156051205564 -3.28126327875377 0.00103343231034613 0.025746196964901 "TRINITY_DN25486_c0_g1"
"TRINITY_DN25538_c0_g1" 81.2141787572573 -6.49286853385396 1.13602572723113 -5.71542384843629 1.09430919122398e-08 3.54003711180417e-06 "TRINITY_DN25538_c0_g1"
"TRINITY_DN2555_c0_g2" 4189.41742647909 -3.91025482460639 0.792351037643394 -4.93500309690544 8.01494880351552e-07 0.000124773191484104 "TRINITY_DN2555_c0_g2"
"TRINITY_DN2558_c0_g1" 29.5656090128655 -5.83751283340754 1.89216071284303 -3.08510413189824 0.00203480898227124 0.0409914360878342 "TRINITY_DN2558_c0_g1"
"TRINITY_DN2563_c0_g1" 1485.66765877223 -2.79137255402727 0.443215763754361 -6.29799926424618 3.01511943443827e-10 1.67439632592472e-07 "TRINITY_DN2563_c0_g1"
"TRINITY_DN25636_c0_g1" 12.8489241573531 -3.26126033288365 1.00625689355949 -3.24098185439249 0.00119118766041553 0.0283328056225762 "TRINITY_DN25636_c0_g1"
"TRINITY_DN2571_c3_g1" 134.240429923303 -5.27829134093369 1.29476604971152 -4.07663712074449 4.56917153213586e-05 0.00297935020451599 "TRINITY_DN2571_c3_g1"
"TRINITY_DN25732_c0_g1" 13.2949730679354 -4.20976925317603 1.27391190909416 -3.30459996733171 0.000951120493846913 0.0242289758439899 "TRINITY_DN25732_c0_g1"
"TRINITY_DN25746_c0_g1" 10.9279546120977 -6.28467434282602 1.49810590884152 -4.19508013801637 2.72775128809668e-05 0.00204704218286895 "TRINITY_DN25746_c0_g1"
"TRINITY_DN25829_c0_g2" 37.2114909038109 -5.66380211576885 1.35995996947979 -4.16468296337823 3.11785511189707e-05 0.00223334618922666 "TRINITY_DN25829_c0_g2"
"TRINITY_DN2595_c0_g1" 175.18471154716 -6.62805210429381 1.21886478058875 -5.43788959189737 5.39153654404004e-08 1.47844183370801e-05 "TRINITY_DN2595_c0_g1"
"TRINITY_DN26050_c0_g1" 12.881667116683 -18.2292520004901 4.93403842022419 -3.69459060670666 0.000220241349639546 0.00883793551763653 "TRINITY_DN26050_c0_g1"
"TRINITY_DN2623_c1_g2" 2902.4343266154 -6.00986009959651 1.44841352437613 -4.1492709081028 3.33535897816655e-05 0.00233971410053759 "TRINITY_DN2623_c1_g2"
"TRINITY_DN2634_c0_g1" 3604.56277493507 -2.00102890861721 0.30880628716546 -6.47988396539688 9.17931836806047e-11 5.77084694384481e-08 "TRINITY_DN2634_c0_g1"
"TRINITY_DN26343_c0_g1" 200.969609514795 -3.65710657102855 0.856229653910802 -4.27117485866651 1.94445867382055e-05 0.00157255735465293 "TRINITY_DN26343_c0_g1"
"TRINITY_DN2647_c0_g1" 96.6644715316884 -4.89855317627735 1.53261204952555 -3.19621209933315 0.00139244711797786 0.0314978533408161 "TRINITY_DN2647_c0_g1"
"TRINITY_DN26511_c1_g1" 9.92718448539166 -5.64362105826846 1.51511000767466 -3.72489194162877 0.000195398904012687 0.00822057005265494 "TRINITY_DN26511_c1_g1"
"TRINITY_DN2652_c2_g1" 57.7349793280357 -9.17730843864296 1.84888608484614 -4.96369598638991 6.91641789785709e-07 0.000110795694402211 "TRINITY_DN2652_c2_g1"
"TRINITY_DN2678_c1_g1" 586.095072228843 -2.97701378520396 0.613557183415651 -4.85205595447686 1.2218813605841e-06 0.000176247129587282 "TRINITY_DN2678_c1_g1"
"TRINITY_DN2685_c0_g3" 23.4018891935406 -3.83752581648971 1.18811018854959 -3.22994100502953 0.00123815763963852 0.0289511667036882 "TRINITY_DN2685_c0_g3"
"TRINITY_DN269_c2_g1" 135.425720484393 -2.43151211940555 0.628055897009188 -3.87148999155083 0.000108172099590372 0.0054614736580776 "TRINITY_DN269_c2_g1"
"TRINITY_DN2700_c0_g1" 711.619875959334 -4.2027959956429 0.875036352813098 -4.80299587797879 1.56309104472691e-06 0.000211716234188214 "TRINITY_DN2700_c0_g1"
"TRINITY_DN2711_c1_g1" 25.2694443411828 -2.86345981959643 0.896876844149111 -3.19270124797687 0.001409486895983 0.0318053725980787 "TRINITY_DN2711_c1_g1"
"TRINITY_DN2739_c0_g1" 998.675647319536 -4.90517540951528 0.992130891590927 -4.94408091824418 7.65039241479987e-07 0.000120810936142716 "TRINITY_DN2739_c0_g1"
"TRINITY_DN2739_c0_g2" 758.738617756437 -5.01508778108647 1.20431303290007 -4.1642726135827 3.12346735948267e-05 0.00223334618922666 "TRINITY_DN2739_c0_g2"
"TRINITY_DN27431_c0_g1" 93.9684632102297 -2.51697691874767 0.77001544268956 -3.26873563724412 0.00108029183654128 0.0265256624860393 "TRINITY_DN27431_c0_g1"
"TRINITY_DN2744_c1_g1" 1961.1565607879 -2.79745724744172 0.642321218937245 -4.35523094203592 1.32926699827865e-05 0.00117483226479164 "TRINITY_DN2744_c1_g1"
"TRINITY_DN27466_c0_g1" 90.0139651035437 -2.40468111149027 0.725395207015531 -3.3149944860868 0.000916449323196419 0.0236347457034866 "TRINITY_DN27466_c0_g1"
"TRINITY_DN275_c1_g1" 94.0002418007935 -2.26888317235547 0.70136137099282 -3.2349702538418 0.00121655404287654 0.0286066201190163 "TRINITY_DN275_c1_g1"
"TRINITY_DN27632_c0_g1" 135.110722340787 -3.67546530508723 1.09039113382773 -3.37077695430705 0.000749565194089864 0.0205239996846251 "TRINITY_DN27632_c0_g1"
"TRINITY_DN2766_c1_g2" 18.7046933434522 -42.8936567865932 2.31683321213241 -18.5139165659292 1.5947280858913e-76 5.31363398218982e-72 "TRINITY_DN2766_c1_g2"
"TRINITY_DN27692_c0_g1" 71.9643898854544 -3.67929973530618 0.844094824080141 -4.35887015338084 1.307356491281e-05 0.00116162982105288 "TRINITY_DN27692_c0_g1"
"TRINITY_DN2781_c0_g1" 292.857519662434 -2.95648105075859 0.742426584961078 -3.98218640151954 6.82841913604758e-05 0.00383115566289425 "TRINITY_DN2781_c0_g1"
"TRINITY_DN27812_c1_g1" 604.235054812184 -5.05116060366255 1.22191522756899 -4.1338060854777 3.56804556801966e-05 0.00247166898807516 "TRINITY_DN27812_c1_g1"
"TRINITY_DN2783_c3_g1" 130.344378263227 -3.30083354884302 1.01758921487199 -3.24377803990213 0.00117955624881428 0.0282145112781706 "TRINITY_DN2783_c3_g1"
"TRINITY_DN27950_c0_g1" 29.6916782703516 -4.03625150615424 1.13219657386279 -3.56497413906094 0.000363892066773178 0.012359718312826 "TRINITY_DN27950_c0_g1"
"TRINITY_DN27978_c1_g2" 15.8279434575945 -2.66355002482232 0.847480412078618 -3.14290452836475 0.00167280390865313 0.0356926671534995 "TRINITY_DN27978_c1_g2"
"TRINITY_DN2799_c0_g2" 249.119693716135 -2.88802678519072 0.666887791751708 -4.33060377009567 1.4870104861627e-05 0.00128360594297775 "TRINITY_DN2799_c0_g2"
"TRINITY_DN2800_c0_g1" 924.004470531057 -3.16793676044423 0.994496844041457 -3.18546688149387 0.00144520644501895 0.0321892683699196 "TRINITY_DN2800_c0_g1"
"TRINITY_DN28020_c0_g1" 9.73454921217973 -3.72320858995873 1.13472846215642 -3.28114497355888 0.00103386589252814 0.025746196964901 "TRINITY_DN28020_c0_g1"
"TRINITY_DN2825_c1_g1" 97.7562306988187 -4.36896986880028 1.15045748145496 -3.79759351321261 0.000146107663676418 0.00658769601312347 "TRINITY_DN2825_c1_g1"
"TRINITY_DN28270_c0_g2" 132.936507218559 -2.54662241220051 0.565022617023317 -4.50711588434595 6.57147472532379e-06 0.00068425480577434 "TRINITY_DN28270_c0_g2"
"TRINITY_DN2853_c0_g1" 94.3408302301302 -4.63321430107803 1.39990232749007 -3.30966968915972 0.000934061285585702 0.0239702511859472 "TRINITY_DN2853_c0_g1"
"TRINITY_DN28853_c0_g1" 369.716708361217 -2.24978265246411 0.476733882078102 -4.71915829153408 2.368224918502e-06 0.000291178060090356 "TRINITY_DN28853_c0_g1"
"TRINITY_DN2891_c0_g1" 291.13201111803 -3.51255991816604 0.676790613774559 -5.19002457580785 2.10266326940235e-07 4.19525390038841e-05 "TRINITY_DN2891_c0_g1"
"TRINITY_DN2928_c3_g1" 22.1190998339727 -2.67099981243878 0.849621634575747 -3.14375211710861 0.00166796665086625 0.0356533860339122 "TRINITY_DN2928_c3_g1"
"TRINITY_DN29304_c0_g1" 301.324498501394 -4.42231847861565 1.25862944670915 -3.51359845439687 0.000442080548675302 0.0140818740392444 "TRINITY_DN29304_c0_g1"
"TRINITY_DN29362_c0_g1" 17.8029195156431 -3.98613599205344 1.29776158579972 -3.07154722074554 0.00212952478092313 0.0422102737066653 "TRINITY_DN29362_c0_g1"
"TRINITY_DN2942_c1_g1" 341.331220849725 -4.76293605719831 0.736805262514696 -6.46430787009113 1.01763500717398e-10 6.16501789800674e-08 "TRINITY_DN2942_c1_g1"
"TRINITY_DN2963_c0_g1" 1333.29035975415 -3.23573705958288 0.827731988112649 -3.90916033940024 9.26174784022553e-05 0.00486769516353694 "TRINITY_DN2963_c0_g1"
"TRINITY_DN2965_c0_g1" 171.571828448134 -4.28988016519804 1.14821105015267 -3.73614255378195 0.000186864759476214 0.00797010546040309 "TRINITY_DN2965_c0_g1"
"TRINITY_DN2966_c1_g1" 67.7429781700981 -2.77174999561299 0.451628991686211 -6.13722778350506 8.39739399617666e-10 4.05508939061748e-07 "TRINITY_DN2966_c1_g1"
"TRINITY_DN2991_c0_g1" 332.259312836483 -2.7243004128428 0.803387883967952 -3.39101505911119 0.00069634274829491 0.0193512430134999 "TRINITY_DN2991_c0_g1"
"TRINITY_DN30028_c0_g4" 17.0111051026962 -2.2485599382078 0.656414058988417 -3.42552068685579 0.000613622203378209 0.0177635897624344 "TRINITY_DN30028_c0_g4"
"TRINITY_DN301_c0_g1" 31.17076240439 -2.38543935240397 0.772891591525331 -3.0863828492379 0.00202607767101923 0.0408649564154726 "TRINITY_DN301_c0_g1"
"TRINITY_DN3038_c0_g1" 999.181976784422 -3.16386984805029 0.702935553812693 -4.50093871463692 6.7654012021035e-06 0.000693453410057918 "TRINITY_DN3038_c0_g1"
"TRINITY_DN3046_c0_g1" 99.1115741269217 -4.15156952602435 1.09996656530136 -3.77426883415037 0.000160477634997576 0.00700801415218773 "TRINITY_DN3046_c0_g1"
"TRINITY_DN3048_c1_g1" 93.4822937786479 -3.29623488284825 1.06530465114139 -3.09417111745134 0.0019736361772316 0.0401229758543971 "TRINITY_DN3048_c1_g1"
"TRINITY_DN30845_c0_g1" 8670.87244926127 -3.8204025570628 0.630416389573939 -6.06012568874484 1.36015221813742e-09 6.3831368884984e-07 "TRINITY_DN30845_c0_g1"
"TRINITY_DN30845_c0_g2" 2342.65523587196 -3.96364969798952 1.08547101517298 -3.65154816902954 0.000260664194703832 0.00985862339690707 "TRINITY_DN30845_c0_g2"
"TRINITY_DN3085_c1_g1" 142.050888985313 -26.9883136415764 4.9975798104491 -5.40027666694755 6.65381995798922e-08 1.71798199481271e-05 "TRINITY_DN3085_c1_g1"
"TRINITY_DN3126_c0_g1" 54.8004874465384 -2.04032706009146 0.63688959723445 -3.20358044620468 0.00135730114218435 0.0309550130442043 "TRINITY_DN3126_c0_g1"
"TRINITY_DN31461_c0_g1" 276.980402090261 -2.23689007153636 0.61258733917593 -3.65154473245478 0.000260667683453635 0.00985862339690707 "TRINITY_DN31461_c0_g1"
"TRINITY_DN3178_c1_g1" 177.638443729331 -5.71265654739742 1.49964010138954 -3.80935168518378 0.000139331656078863 0.00637474181105889 "TRINITY_DN3178_c1_g1"
"TRINITY_DN318_c1_g1" 14.473888050232 -2.57202872470066 0.803206917471557 -3.20219941929439 0.00136382548390089 0.0310517205025066 "TRINITY_DN318_c1_g1"
"TRINITY_DN32068_c0_g1" 13.5400072371372 -4.37534712082991 1.36497172167531 -3.20544891249453 0.00134851982833116 0.0307969024537315 "TRINITY_DN32068_c0_g1"
"TRINITY_DN32153_c0_g1" 1035.22741093476 -3.93624195286701 0.92833108222167 -4.24012728675081 2.23393074033204e-05 0.00174729042882309 "TRINITY_DN32153_c0_g1"
"TRINITY_DN32153_c2_g1" 126.733586397327 -4.63043399767194 1.43131200413168 -3.23509757782059 0.0012160116576133 0.0286066201190163 "TRINITY_DN32153_c2_g1"
"TRINITY_DN32153_c6_g1" 160.022408890471 -6.76689548496457 1.40317717449853 -4.82255242455961 1.41732761940269e-06 0.000196772317827073 "TRINITY_DN32153_c6_g1"
"TRINITY_DN32505_c0_g2" 35.9690045324886 -30.3902664558708 4.9141896430166 -6.18418674563312 6.24234363956713e-10 3.10440134433398e-07 "TRINITY_DN32505_c0_g2"
"TRINITY_DN3266_c0_g1" 389.034018285081 -4.63197078642383 1.12793056909182 -4.10660985113061 4.01508556468765e-05 0.00269621924200571 "TRINITY_DN3266_c0_g1"
"TRINITY_DN32711_c0_g1" 413.163799473862 -4.08842943855597 0.939927886951813 -4.34972671341282 1.36307296876463e-05 0.00119835333296141 "TRINITY_DN32711_c0_g1"
"TRINITY_DN328_c2_g1" 1496.62765903148 -3.65965900841665 0.946729592418307 -3.86558003227562 0.000110825499020984 0.00554436120014575 "TRINITY_DN328_c2_g1"
"TRINITY_DN32901_c0_g1" 187.928897525951 -3.48797272856517 0.827520348026589 -4.21496913868406 2.49812347477593e-05 0.00190384318742846 "TRINITY_DN32901_c0_g1"
"TRINITY_DN32963_c0_g1" 11.3794106612098 -2.95199823022896 0.8039294255962 -3.67196191138262 0.000240695561622747 0.00934593351685283 "TRINITY_DN32963_c0_g1"
"TRINITY_DN331_c1_g1" 42.6389416044209 -3.28358930007415 1.07650169366638 -3.05024071898189 0.00228658017110639 0.0440652696941961 "TRINITY_DN331_c1_g1"
"TRINITY_DN33196_c0_g1" 407.252447806061 -2.13883525687106 0.587104605691173 -3.64302244632046 0.000269455330550576 0.0100653044999386 "TRINITY_DN33196_c0_g1"
"TRINITY_DN3344_c0_g1" 337.272664192383 -2.71610927843047 0.864032239530348 -3.14352769973819 0.00166924616485303 0.0356533860339122 "TRINITY_DN3344_c0_g1"
"TRINITY_DN3354_c0_g1" 1242.80881646736 -2.98800856934419 0.861043109777623 -3.47021947613737 0.000520033242651793 0.015695206200324 "TRINITY_DN3354_c0_g1"
"TRINITY_DN3382_c0_g1" 148.031824147008 -3.9729791354545 1.17727604808154 -3.37472179267451 0.000738903477170769 0.0203137490588531 "TRINITY_DN3382_c0_g1"
"TRINITY_DN3385_c0_g1" 565.341159638872 -2.04313171992492 0.619722380529325 -3.29684998334224 0.000977757109161554 0.0246406059148122 "TRINITY_DN3385_c0_g1"
"TRINITY_DN340_c1_g4" 102.558151033076 -5.99064136903219 1.23311648472299 -4.85813095782102 1.18499026460966e-06 0.000173937778047551 "TRINITY_DN340_c1_g4"
"TRINITY_DN3417_c0_g1" 187.430004818941 -3.9118247237781 1.0806018095375 -3.62004272920141 0.000294554369836246 0.0107096632598417 "TRINITY_DN3417_c0_g1"
"TRINITY_DN34333_c0_g3" 62.4378768400613 -3.53534189543283 0.869027088703266 -4.06816075285772 4.73856873319769e-05 0.00301556951969031 "TRINITY_DN34333_c0_g3"
"TRINITY_DN3445_c1_g1" 744.760783605655 -4.07322065171463 0.712451705292592 -5.71718843741391 1.08300997536206e-08 3.53783258618272e-06 "TRINITY_DN3445_c1_g1"
"TRINITY_DN3451_c0_g1" 31.8424392508209 -4.76835322540244 1.23755454019402 -3.85304491279621 0.000116657981806755 0.00570784721556693 "TRINITY_DN3451_c0_g1"
"TRINITY_DN3498_c0_g1" 37.8367170365991 -3.67511198423927 1.00069345322939 -3.67256523201896 0.000240127827601661 0.00934593351685283 "TRINITY_DN3498_c0_g1"
"TRINITY_DN35225_c1_g1" 51.1779341366587 -4.63679999882778 1.28610655528258 -3.60530002726639 0.000311792503349875 0.011121293837139 "TRINITY_DN35225_c1_g1"
"TRINITY_DN3528_c0_g1" 283.719986017468 -4.97663500963654 1.16681574902238 -4.2651421304574 1.99774986776969e-05 0.00160397652033942 "TRINITY_DN3528_c0_g1"
"TRINITY_DN3546_c0_g1" 2426.09039340517 -6.56134397565883 0.934802605933074 -7.01896200760975 2.23522546543244e-12 2.40250685510351e-09 "TRINITY_DN3546_c0_g1"
"TRINITY_DN3560_c0_g1" 46.3376092406273 -4.4057196124179 1.22162582444134 -3.60643948766608 0.000310427207645404 0.0110862106738959 "TRINITY_DN3560_c0_g1"
"TRINITY_DN3579_c0_g1" 1016.72802357614 -2.37605462092631 0.517312973625993 -4.59306984758544 4.36772791129847e-06 0.000476462628249074 "TRINITY_DN3579_c0_g1"
"TRINITY_DN3591_c0_g1" 42404.5386441949 -16.0882706796858 1.14517343546313 -14.0487634287286 7.83908767809709e-45 2.61198401434195e-41 "TRINITY_DN3591_c0_g1"
"TRINITY_DN3603_c0_g1" 721.250948665098 -3.84413191235868 1.11743239947854 -3.44014717503499 0.000581397936472401 0.0170230046074344 "TRINITY_DN3603_c0_g1"
"TRINITY_DN36052_c0_g2" 33.7356592435501 -4.44338259314045 0.87029046507984 -5.10563170737809 3.29691259460032e-07 6.27732158011902e-05 "TRINITY_DN36052_c0_g2"
"TRINITY_DN36466_c0_g1" 12.0847593804975 -6.53315287811433 1.7016920642574 -3.83920981670988 0.00012343091753433 0.00590814077257615 "TRINITY_DN36466_c0_g1"
"TRINITY_DN3660_c0_g2" 268.423070017139 -3.13905047315688 0.812618303253862 -3.86288428477133 0.000112056095003236 0.00556038737759991 "TRINITY_DN3660_c0_g2"
"TRINITY_DN3670_c0_g1" 526.656581474884 -4.83344133962295 0.853307277790576 -5.6643620245897 1.47572549451923e-08 4.6829689026077e-06 "TRINITY_DN3670_c0_g1"
"TRINITY_DN3686_c1_g1" 92.761932455474 -3.409873611023 1.04346886828071 -3.2678249583443 0.00108377371276954 0.0265719941938787 "TRINITY_DN3686_c1_g1"
"TRINITY_DN3689_c0_g1" 128.871505419742 -3.98158485973153 1.16049323984175 -3.43094188146628 0.000601489453185153 0.0175036057468378 "TRINITY_DN3689_c0_g1"
"TRINITY_DN369_c0_g1" 49.9760146039924 -5.71578869874433 1.38880227667498 -4.11562451670865 3.86132471623506e-05 0.00261502722652342 "TRINITY_DN369_c0_g1"
"TRINITY_DN3690_c1_g1" 214.592156262032 -2.23435191971678 0.58742046117219 -3.80366716416067 0.000142569708224714 0.00644562100142124 "TRINITY_DN3690_c1_g1"
"TRINITY_DN3710_c3_g1" 22.2700575997933 -22.617803487064 1.53421285796005 -14.7422851853409 3.44913206872049e-49 1.64178686471096e-45 "TRINITY_DN3710_c3_g1"
"TRINITY_DN3733_c1_g1" 583.312934199697 -2.26738004464896 0.410843876203615 -5.51883617105501 3.41252146137565e-08 9.71839445239629e-06 "TRINITY_DN3733_c1_g1"
"TRINITY_DN3753_c0_g2" 43.4653272070367 -3.66109052165414 1.17570502269132 -3.11395328844771 0.00184598712498943 0.0381591965012156 "TRINITY_DN3753_c0_g2"
"TRINITY_DN377_c4_g1" 25.8749729498222 -4.58415438266971 1.17984325726758 -3.88539270316824 0.000102164608099384 0.00526954294407348 "TRINITY_DN377_c4_g1"
"TRINITY_DN3773_c1_g1" 491.444777109538 -4.49922567433527 1.21486730396871 -3.70347087261074 0.00021266960965826 0.00859969829346266 "TRINITY_DN3773_c1_g1"
"TRINITY_DN3779_c0_g1" 1195.61888064787 -4.43735373916388 0.871763760526971 -5.09008740680107 3.57898502225985e-07 6.66211066713397e-05 "TRINITY_DN3779_c0_g1"
"TRINITY_DN378_c1_g1" 1690.05833058318 -4.16254907883185 1.17751358942592 -3.53503273016257 0.000407724652525832 0.0134196439611467 "TRINITY_DN378_c1_g1"
"TRINITY_DN37831_c0_g1" 29.9505119778148 -2.4945276998481 0.716062736982984 -3.48367198991306 0.000494585228457193 0.0151606070029381 "TRINITY_DN37831_c0_g1"
"TRINITY_DN37840_c0_g1" 15.648475585009 -2.50192513696155 0.836270746218021 -2.99176450722011 0.00277370135461539 0.0498775600793044 "TRINITY_DN37840_c0_g1"
"TRINITY_DN3803_c0_g1" 283.926818271539 -6.31590345626268 1.53070822730442 -4.12613151455062 3.68916350528351e-05 0.00252408476377919 "TRINITY_DN3803_c0_g1"
"TRINITY_DN381_c1_g1" 6078.44713171364 -2.2499399545021 0.687539807817424 -3.27245045147927 0.00106619558739611 0.026276358707129 "TRINITY_DN381_c1_g1"
"TRINITY_DN3810_c0_g1" 1655.54645563712 -3.61042849785145 0.840824273899509 -4.29391563722024 1.75549202484215e-05 0.00144784639276585 "TRINITY_DN3810_c0_g1"
"TRINITY_DN38114_c1_g1" 16.251863541867 -6.22806098506566 1.4623712700831 -4.25887810604468 2.05455461538241e-05 0.0016416728965118 "TRINITY_DN38114_c1_g1"
"TRINITY_DN3832_c0_g1" 160.44925801173 -2.41062059234882 0.755991908089487 -3.18868570755056 0.0014292117526465 0.0320251080014671 "TRINITY_DN3832_c0_g1"
"TRINITY_DN38633_c1_g1" 17.4347497796875 -6.84316464664917 1.73882939571064 -3.93550089705749 8.3023354120626e-05 0.00445465082012763 "TRINITY_DN38633_c1_g1"
"TRINITY_DN3890_c0_g1" 13338.3376237344 -2.0444262356688 0.254222709875491 -8.04187099047951 8.84770150762435e-16 1.4038353058764e-12 "TRINITY_DN3890_c0_g1"
"TRINITY_DN38958_c0_g1" 32.1102441422931 -2.76900982965697 0.913829176231078 -3.030117555534 0.00244458569020583 0.0460971110343284 "TRINITY_DN38958_c0_g1"
"TRINITY_DN3903_c0_g1" 139.698194639738 -3.95310916167681 1.17532139079921 -3.36342824407265 0.000769808457145141 0.0208198196364254 "TRINITY_DN3903_c0_g1"
"TRINITY_DN3907_c1_g1" 53.9691963559119 -5.5316280081187 1.16511300838631 -4.74771800529466 2.05724594178701e-06 0.000262633849733116 "TRINITY_DN3907_c1_g1"
"TRINITY_DN3907_c2_g1" 449.593273195785 -2.10827862691064 0.441773236047284 -4.77230953548528 1.82125312011736e-06 0.000240810134771073 "TRINITY_DN3907_c2_g1"
"TRINITY_DN3929_c1_g1" 24.8344231877139 -4.33502412301284 1.34861434902809 -3.21442829533661 0.00130704555082288 0.0301180897326544 "TRINITY_DN3929_c1_g1"
"TRINITY_DN3963_c0_g1" 210.335306838181 -2.04678302490141 0.67824568128155 -3.01776049798651 0.00254650072605012 0.0475080650571052 "TRINITY_DN3963_c0_g1"
"TRINITY_DN39872_c0_g1" 383.700695094189 -22.480807256217 1.65331967723272 -13.5973747641139 4.1506633527071e-42 1.15250085760167e-38 "TRINITY_DN39872_c0_g1"
"TRINITY_DN3991_c0_g1" 62.11246782355 -4.89596606597871 1.45929743417342 -3.35501588046847 0.00079360428584763 0.0213766328249337 "TRINITY_DN3991_c0_g1"
"TRINITY_DN39911_c0_g1" 40.8040183494621 -7.31286460863923 1.37859162715871 -5.30459090609097 1.12925957535176e-07 2.54723229866194e-05 "TRINITY_DN39911_c0_g1"
"TRINITY_DN39954_c1_g1" 464.493711960673 -6.54466325691412 1.45330540865064 -4.50329519036931 6.69078465409083e-06 0.00069020725905358 "TRINITY_DN39954_c1_g1"
"TRINITY_DN4003_c0_g2" 18.719162442998 -2.21674045765554 0.737399775062898 -3.0061583046543 0.0026457121969989 0.0486507342185448 "TRINITY_DN4003_c0_g2"
"TRINITY_DN40434_c0_g2" 39.0031152167433 -2.45584285073312 0.803126193016833 -3.05785426012328 0.00222927966849346 0.0433622875389387 "TRINITY_DN40434_c0_g2"
"TRINITY_DN4097_c0_g1" 777.260200523166 -5.02012830842578 1.45305920570931 -3.4548683829956 0.000550561516927419 0.0164149289270812 "TRINITY_DN4097_c0_g1"
"TRINITY_DN410_c19_g1" 11.333937128199 -3.78106476765881 1.20667188122936 -3.1334655480715 0.00172755197555466 0.0363985330455348 "TRINITY_DN410_c19_g1"
"TRINITY_DN41218_c0_g1" 19.7545306391345 -5.47856767671548 1.54880535685252 -3.53728611053426 0.000404261476434573 0.013363087693254 "TRINITY_DN41218_c0_g1"
"TRINITY_DN41274_c0_g1" 14.1060744532088 -3.42273936972224 0.921430012290386 -3.71459505775635 0.000203529352566812 0.0084272319170762 "TRINITY_DN41274_c0_g1"
"TRINITY_DN4141_c0_g1" 3328.54363454828 -7.39455932542676 1.05671966096053 -6.997654722072 2.60282560463622e-12 2.71019216082746e-09 "TRINITY_DN4141_c0_g1"
"TRINITY_DN4146_c4_g2" 474.700026262117 -23.4971609453554 1.39832163583732 -16.8038313526381 2.28777076217439e-63 2.54095072652169e-59 "TRINITY_DN4146_c4_g2"
"TRINITY_DN41535_c0_g1" 22.2312913671912 -2.20198181328227 0.659616320623798 -3.33827672911407 0.000842997479298504 0.0223100764715481 "TRINITY_DN41535_c0_g1"
"TRINITY_DN41598_c0_g1" 142.969209649788 -4.3847487270785 1.22640540018525 -3.57528491509917 0.000349846692600105 0.0120420213968383 "TRINITY_DN41598_c0_g1"
"TRINITY_DN4160_c1_g1" 4773.05000269341 -4.91454791350581 1.00354913134824 -4.89716722379426 9.72280941214385e-07 0.000145275340633468 "TRINITY_DN4160_c1_g1"
"TRINITY_DN4161_c0_g1" 19644.3976515928 -6.17394221099057 1.90486316578036 -3.24114735478195 0.00119049628179871 0.0283328056225762 "TRINITY_DN4161_c0_g1"
"TRINITY_DN4222_c0_g1" 447.181580362816 -4.40414326843846 1.14687377895355 -3.84012900918962 0.000122969672534428 0.00590814077257615 "TRINITY_DN4222_c0_g1"
"TRINITY_DN4238_c2_g1" 1241.49836974861 -3.43886308210332 0.571517517454484 -6.01707380277664 1.77598124343367e-09 7.9967155447581e-07 "TRINITY_DN4238_c2_g1"
"TRINITY_DN425_c1_g1" 90.8075387909389 -5.18330152999419 1.27871847891293 -4.05351264994673 5.04542703112783e-05 0.00313644829621603 "TRINITY_DN425_c1_g1"
"TRINITY_DN426_c7_g1" 117.46589111172 -2.16289231993755 0.464853265341469 -4.65284957899294 3.27379069768764e-06 0.000381408063101231 "TRINITY_DN426_c7_g1"
"TRINITY_DN426_c8_g1" 146.146637347341 -3.41387518662336 1.07991971950988 -3.16123052940706 0.00157104107152446 0.0341247316981675 "TRINITY_DN426_c8_g1"
"TRINITY_DN43014_c0_g1" 467.037445373788 -3.54502111352569 1.11078020384381 -3.19146947457138 0.00141551067589441 0.0318681187302715 "TRINITY_DN43014_c0_g1"
"TRINITY_DN4308_c0_g1" 239.148258315968 -5.13824079754337 0.820618347274252 -6.26142568541204 3.81473603510387e-10 2.0501129788655e-07 "TRINITY_DN4308_c0_g1"
"TRINITY_DN4318_c0_g1" 235.319582926254 -2.40063803129491 0.448761023979662 -5.3494797966316 8.82074068562963e-08 2.11478378320047e-05 "TRINITY_DN4318_c0_g1"
"TRINITY_DN4323_c0_g1" 30686.8240288231 -3.21256880147279 0.922326150995842 -3.48311581321223 0.000495613910389257 0.015178176005671 "TRINITY_DN4323_c0_g1"
"TRINITY_DN43475_c0_g1" 23.9386327201005 -2.33279673874771 0.561443507008664 -4.15499816032553 3.25290159547471e-05 0.00230884484729096 "TRINITY_DN43475_c0_g1"
"TRINITY_DN4379_c0_g1" 4894.10080921869 -4.38189384515581 1.08283961200271 -4.04666932811177 5.19515482241525e-05 0.00320611595756091 "TRINITY_DN4379_c0_g1"
"TRINITY_DN4389_c0_g1" 107.071283224166 -5.31113332519016 0.79437792614284 -6.68590245322998 2.29505869401716e-11 1.73798535646936e-08 "TRINITY_DN4389_c0_g1"
"TRINITY_DN4394_c0_g3" 25.8121686361195 -2.27443864754062 0.594316875668165 -3.82697974878059 0.000129725182888335 0.00613112495580047 "TRINITY_DN4394_c0_g3"
"TRINITY_DN4398_c1_g1" 148.212634424202 -2.87288407843444 0.694569620172311 -4.13620750893442 3.530929163489e-05 0.00245617034921615 "TRINITY_DN4398_c1_g1"
"TRINITY_DN4434_c0_g1" 2970.22361695986 -5.68077194025714 1.29321083489167 -4.39276550040117 1.11917825531527e-05 0.00103299222900567 "TRINITY_DN4434_c0_g1"
"TRINITY_DN44386_c0_g1" 16.5757869699076 -15.7243936614553 2.68355426933025 -5.85954002911958 4.64150997281423e-09 1.73769789094573e-06 "TRINITY_DN44386_c0_g1"
"TRINITY_DN444_c1_g1" 431.92625904101 -2.38096366749912 0.750139759931324 -3.17402675431722 0.00150339832338874 0.0331085473465386 "TRINITY_DN444_c1_g1"
"TRINITY_DN4475_c0_g1" 166.831589038604 -4.00356763066443 1.14515592748889 -3.49608951458994 0.000472130287616787 0.0147435624961493 "TRINITY_DN4475_c0_g1"
"TRINITY_DN4531_c0_g1" 528.331113700256 -2.9948908902133 0.975539890813955 -3.06998300983312 0.00214070948431943 0.0423314184080257 "TRINITY_DN4531_c0_g1"
"TRINITY_DN4553_c0_g1" 262.189924963753 -2.79714448042667 0.75927994407878 -3.68394358660479 0.00022965308811697 0.00905871601939944 "TRINITY_DN4553_c0_g1"
"TRINITY_DN4560_c0_g1" 90.3753450762542 -4.01052877501969 1.05661309740581 -3.79564552518449 0.000147259783096278 0.00662172196055058 "TRINITY_DN4560_c0_g1"
"TRINITY_DN4597_c0_g1" 1831.67881787583 -4.17776734461562 1.25612245911788 -3.32592361062429 0.000881260768568442 0.0230122326086994 "TRINITY_DN4597_c0_g1"
"TRINITY_DN4599_c0_g1" 260.812640398823 -4.1474316854778 1.04214868729793 -3.97969285575862 6.90043622903902e-05 0.00385129874625762 "TRINITY_DN4599_c0_g1"
"TRINITY_DN4610_c0_g1" 99.9785951058221 -2.36486311470081 0.669361805133821 -3.53301173829005 0.000410854229121732 0.0134740776715907 "TRINITY_DN4610_c0_g1"
"TRINITY_DN4630_c0_g7" 91.788780905111 -2.28655800191023 0.619736645644921 -3.68956397524428 0.000224638734145345 0.00897772345127607 "TRINITY_DN4630_c0_g7"
"TRINITY_DN4650_c2_g1" 40.9946042075287 -5.05177665693191 1.21583929016128 -4.15497072500576 3.25329193521129e-05 0.00230884484729096 "TRINITY_DN4650_c2_g1"
"TRINITY_DN4669_c2_g1" 95.2507534081806 -4.02674252053288 0.951477713922969 -4.23209336551932 2.31526253881554e-05 0.00179405925100776 "TRINITY_DN4669_c2_g1"
"TRINITY_DN4673_c0_g1" 161.63949178033 -4.5338917588231 1.42544761093515 -3.18067933471697 0.00146930166709837 0.0325512842737485 "TRINITY_DN4673_c0_g1"
"TRINITY_DN4675_c0_g1" 20.8742150736954 -2.02597381241522 0.667198752267421 -3.03653717206471 0.00239312599179354 0.0455131039078543 "TRINITY_DN4675_c0_g1"
"TRINITY_DN4686_c1_g1" 12.4182269051189 -4.62042356931246 1.26901981777177 -3.64093886053358 0.000271645644633118 0.0101131093622072 "TRINITY_DN4686_c1_g1"
"TRINITY_DN46969_c0_g1" 9.97673700529257 -3.59244753134483 1.01629037213127 -3.5348632928708 0.000407986174449029 0.0134196439611467 "TRINITY_DN46969_c0_g1"
"TRINITY_DN4703_c0_g1" 147.740786222938 -2.04163179654469 0.615185177307518 -3.31872722532149 0.000904287167869047 0.0233935158644384 "TRINITY_DN4703_c0_g1"
"TRINITY_DN47095_c0_g1" 101.955169310111 -4.90752812535111 1.2867024716682 -3.8140348941652 0.000136716151649647 0.00630939359136599 "TRINITY_DN47095_c0_g1"
"TRINITY_DN4711_c0_g1" 251.997824658052 -5.17593092219405 1.61860226400636 -3.19777813073275 0.00138490788361113 0.0313912453618523 "TRINITY_DN4711_c0_g1"
"TRINITY_DN4734_c2_g1" 47.2311372535778 -2.32207316606201 0.608124500079671 -3.81841738946185 0.000134310545130732 0.00625031754714523 "TRINITY_DN4734_c2_g1"
"TRINITY_DN47420_c0_g1" 10.8062488926974 -3.46481089373863 1.03010119821617 -3.36356359912856 0.000769431054403842 0.0208198196364254 "TRINITY_DN47420_c0_g1"
"TRINITY_DN4774_c14_g1" 148.448266968815 -2.41743827849702 0.722126506176505 -3.34766589762341 0.000814951944281158 0.0217876971618145 "TRINITY_DN4774_c14_g1"
"TRINITY_DN48_c2_g1" 331.912142567463 -3.9993263428359 1.25571719777898 -3.18489413851271 0.00144806969803974 0.0322309167259079 "TRINITY_DN48_c2_g1"
"TRINITY_DN48037_c0_g1" 130.741677273895 -3.89009766113385 0.831887651498477 -4.67622960158939 2.92197443472812e-06 0.000347714957732647 "TRINITY_DN48037_c0_g1"
"TRINITY_DN4807_c0_g1" 24.3048129945254 -2.1319764179601 0.694602605754478 -3.06934699106743 0.00214527264379261 0.042371360101464 "TRINITY_DN4807_c0_g1"
"TRINITY_DN485_c0_g1" 407.445697990255 -3.85214408548803 0.726090591533482 -5.30532158163958 1.12474532668965e-07 2.54723229866194e-05 "TRINITY_DN485_c0_g1"
"TRINITY_DN4858_c4_g2" 45727.4003811253 -14.0305889397828 1.00240224310094 -13.9969648275916 1.62670961814999e-44 4.92745131606889e-41 "TRINITY_DN4858_c4_g2"
"TRINITY_DN48729_c0_g1" 29.4490374076444 -2.06712857657399 0.603181484490564 -3.4270424900722 0.000610193582310642 0.0176796957935571 "TRINITY_DN48729_c0_g1"
"TRINITY_DN4878_c1_g1" 193.565880787638 -3.67793656659216 0.861906333004704 -4.26721144253628 1.97931541738871e-05 0.0015930142441399 "TRINITY_DN4878_c1_g1"
"TRINITY_DN4896_c1_g1" 634.071191802155 -2.48323825533511 0.617827817702762 -4.01930470623419 5.83701417120923e-05 0.00343593489790794 "TRINITY_DN4896_c1_g1"
"TRINITY_DN4908_c0_g2" 332.361466992366 -6.06494647271079 1.28000621864431 -4.73821641205332 2.15607489263088e-06 0.000270076749708499 "TRINITY_DN4908_c0_g2"
"TRINITY_DN49739_c0_g1" 1861.66366073772 -7.14376453220407 1.04080632536603 -6.86368285635831 6.71075273720871e-12 5.73339182573831e-09 "TRINITY_DN49739_c0_g1"
"TRINITY_DN4984_c0_g1" 26.3939475600638 -4.29227186989607 1.13061900767209 -3.79639103957195 0.000146817848777982 0.00661077124497615 "TRINITY_DN4984_c0_g1"
"TRINITY_DN4992_c0_g1" 186.907420051071 -2.70662101314104 0.792180022434261 -3.4166741605323 0.000633911021746891 0.0181703636997953 "TRINITY_DN4992_c0_g1"
"TRINITY_DN501_c3_g1" 136.016177792363 -2.24543795075224 0.713853842163032 -3.14551497537422 0.00165794706751033 0.0355259140125043 "TRINITY_DN501_c3_g1"
"TRINITY_DN5022_c0_g1" 10318.6308957054 -2.99003304828295 0.774026271116682 -3.86296067699259 0.000112021045558961 0.00556038737759991 "TRINITY_DN5022_c0_g1"
"TRINITY_DN50453_c0_g1" 505.765989401964 -3.41857835403636 1.08978933988414 -3.1369166763916 0.0017073464142261 0.0361305339619806 "TRINITY_DN50453_c0_g1"
"TRINITY_DN5056_c2_g1" 99.7629983613857 -6.373245172055 1.45711655667846 -4.37387465185559 1.22060482358273e-05 0.00110615451952402 "TRINITY_DN5056_c2_g1"
"TRINITY_DN506_c2_g1" 381.197379594147 -3.03646699991536 0.751634525717623 -4.03981841709079 5.34925998744812e-05 0.00324067895966857 "TRINITY_DN506_c2_g1"
"TRINITY_DN5078_c0_g1" 249.946187090468 -7.73916568686773 1.32321386974214 -5.84876403115083 4.95239050963972e-09 1.83348501979106e-06 "TRINITY_DN5078_c0_g1"
"TRINITY_DN51068_c0_g1" 19.1315984854838 -7.71497906342641 2.09161148433472 -3.68853351648159 0.000225550317959932 0.00898104322905074 "TRINITY_DN51068_c0_g1"
"TRINITY_DN5130_c0_g1" 58.515649532488 -5.30116711356688 1.26611349298977 -4.18696044463505 2.82715072684199e-05 0.00208870647934313 "TRINITY_DN5130_c0_g1"
"TRINITY_DN5131_c0_g2" 105.954134222549 -3.9722896785231 1.24820387240646 -3.18240454651432 0.00146057651132426 0.0324442729048828 "TRINITY_DN5131_c0_g2"
"TRINITY_DN515_c2_g1" 229.598246245476 -6.36855222682532 1.21487510999773 -5.24214561185406 1.58720034167738e-07 3.30534471154315e-05 "TRINITY_DN515_c2_g1"
"TRINITY_DN519_c1_g1" 142.389904599813 -3.64184052253091 0.856232051072387 -4.25333356532227 2.10611488370173e-05 0.00167884564413736 "TRINITY_DN519_c1_g1"
"TRINITY_DN5197_c0_g1" 7536.73155529151 -3.05791767330115 0.949172726145938 -3.22166618263217 0.0012744752880999 0.0295720867684462 "TRINITY_DN5197_c0_g1"
"TRINITY_DN524_c11_g1" 1730.76929281872 -7.76226859381016 1.25221491828905 -6.1988309518114 5.68840882300552e-10 2.87178457549309e-07 "TRINITY_DN524_c11_g1"
"TRINITY_DN524_c8_g2" 1295.62750356179 -6.05845191618438 0.890127426488377 -6.80627484997901 1.0015827991644e-11 8.13969240686773e-09 "TRINITY_DN524_c8_g2"
"TRINITY_DN52951_c0_g1" 106.846094693759 -4.8138111930787 1.0286535340791 -4.67972065773171 2.87266041268966e-06 0.000344305917089278 "TRINITY_DN52951_c0_g1"
"TRINITY_DN531_c3_g1" 148.461308216464 -2.07375039614988 0.386148333513147 -5.3703466159832 7.8585449294248e-08 1.98368725036693e-05 "TRINITY_DN531_c3_g1"
"TRINITY_DN5310_c0_g1" 103.504640771869 -4.81464958561564 1.3586758090415 -3.54363384817472 0.000394652926389429 0.0131105039953099 "TRINITY_DN5310_c0_g1"
"TRINITY_DN5331_c2_g1" 209.749478251672 -3.75141942418292 1.02216858214024 -3.67005941067776 0.000242494101852621 0.00938432459202012 "TRINITY_DN5331_c2_g1"
"TRINITY_DN5333_c1_g1" 477.320461517122 -2.23876035490985 0.526443047006473 -4.25261643712491 2.11287294217343e-05 0.0016802130413656 "TRINITY_DN5333_c1_g1"
"TRINITY_DN5346_c0_g1" 314.225027379849 -3.43440417159552 1.12545767392666 -3.05156226765338 0.00227653824584667 0.0440049029520794 "TRINITY_DN5346_c0_g1"
"TRINITY_DN5351_c0_g1" 1138.90418796281 -3.68270786340149 0.624194397407303 -5.89993738921438 3.63639539223866e-09 1.40889179615572e-06 "TRINITY_DN5351_c0_g1"
"TRINITY_DN5366_c0_g1" 517.466853925459 -2.62012525992285 0.568858289117593 -4.60593668062245 4.10613330137935e-06 0.0004560545386732 "TRINITY_DN5366_c0_g1"
"TRINITY_DN53735_c0_g2" 96.9053575253483 -19.9852526696099 4.92290882707421 -4.05964306299932 4.91477879492759e-05 0.00308981942352806 "TRINITY_DN53735_c0_g2"
"TRINITY_DN5384_c0_g2" 138.328589926534 -3.92756347141426 1.13278918900699 -3.46716185988427 0.000525985058506398 0.0158032661401562 "TRINITY_DN5384_c0_g2"
"TRINITY_DN5436_c1_g1" 23.7307590125831 -22.3617738224588 1.49835588854499 -14.9242072550425 2.29345008036954e-50 1.27362927796522e-46 "TRINITY_DN5436_c1_g1"
"TRINITY_DN5438_c1_g1" 230.474511211589 -8.19860284595906 1.99857412345656 -4.10222605693477 4.09194191002524e-05 0.00272142723437208 "TRINITY_DN5438_c1_g1"
"TRINITY_DN5447_c2_g1" 168.098047289157 -2.36651790002182 0.747242220144033 -3.16700239390337 0.00154019050517103 0.0336960916824024 "TRINITY_DN5447_c2_g1"
"TRINITY_DN54974_c0_g1" 20.4708704612 -3.93698568178693 0.80173296104779 -4.91059476542122 9.08005611467025e-07 0.000136899307575028 "TRINITY_DN54974_c0_g1"
"TRINITY_DN5509_c0_g1" 88.1493592319125 -4.98035716940475 1.18564850508365 -4.2005342629377 2.66285864519146e-05 0.00200285440311015 "TRINITY_DN5509_c0_g1"
"TRINITY_DN55498_c0_g1" 17.404740171092 -3.3627468254361 0.968287926789237 -3.4728790191433 0.000514907402724835 0.0156112053310205 "TRINITY_DN55498_c0_g1"
"TRINITY_DN5553_c0_g2" 15.1779723192577 -3.47913371877905 1.16097210689538 -2.99674186667825 0.00272881671670437 0.0494690821548366 "TRINITY_DN5553_c0_g2"
"TRINITY_DN5592_c0_g1" 66.6512680351815 -6.10716986403708 1.67628954732741 -3.64326668610088 0.000269199666765662 0.0100653044999386 "TRINITY_DN5592_c0_g1"
"TRINITY_DN563_c2_g1" 1054.60299125911 -5.95823497884817 0.856901506899524 -6.95323200026395 3.57010839495138e-12 3.39874319199372e-09 "TRINITY_DN563_c2_g1"
"TRINITY_DN5639_c0_g1" 95.7295594307985 -2.79371945419669 0.698473509169507 -3.999750051392 6.34094184777699e-05 0.00363024368329775 "TRINITY_DN5639_c0_g1"
"TRINITY_DN5698_c1_g1" 132.287485912672 -6.48107295255996 1.41277231343514 -4.58748581843403 4.48615891873289e-06 0.000485320828481104 "TRINITY_DN5698_c1_g1"
"TRINITY_DN570_c0_g1" 1286.53946263625 -2.94974946322026 0.963607195175368 -3.06115342225462 0.00220486084285121 0.0430380569910969 "TRINITY_DN570_c0_g1"
"TRINITY_DN57335_c0_g1" 11.2318185341637 -3.7674860905822 1.20028294513967 -3.13883164452011 0.0016962287064315 0.0360448600116694 "TRINITY_DN57335_c0_g1"
"TRINITY_DN5778_c0_g1" 364.808868003198 -5.58816433582977 1.10607069111109 -5.05226689463787 4.36597036956735e-07 7.61644673895204e-05 "TRINITY_DN5778_c0_g1"
"TRINITY_DN5781_c0_g1" 19.315904720626 -2.98503796351701 0.783333191640967 -3.81068745122851 0.000138580885138786 0.00636614583386206 "TRINITY_DN5781_c0_g1"
"TRINITY_DN5785_c0_g1" 6172.20192486414 -8.55258687421985 1.27410011575506 -6.71264900494215 1.91122470100865e-11 1.48097690785136e-08 "TRINITY_DN5785_c0_g1"
"TRINITY_DN5802_c0_g1" 755.376860725536 -4.18014340461808 0.884111264361636 -4.72807391232178 2.26659681204739e-06 0.000279714836212663 "TRINITY_DN5802_c0_g1"
"TRINITY_DN5819_c0_g1" 248.798690912598 -2.65657712660352 0.79967214830283 -3.32208284637856 0.000893481609171108 0.0232584431387354 "TRINITY_DN5819_c0_g1"
"TRINITY_DN5825_c1_g1" 44.1395203350287 -3.93928261809525 1.0882359721135 -3.61987906946747 0.000294740732571273 0.0107096632598417 "TRINITY_DN5825_c1_g1"
"TRINITY_DN5841_c0_g1" 289.999845467047 -2.4301304818706 0.612087274125267 -3.97023526643892 7.1801696689419e-05 0.00396754980711682 "TRINITY_DN5841_c0_g1"
"TRINITY_DN5860_c0_g1" 51.6337823137018 -3.44742721565044 1.10403266167046 -3.12257719842663 0.00179275082627225 0.0374276049695435 "TRINITY_DN5860_c0_g1"
"TRINITY_DN5897_c1_g1" 513.990713704971 -5.09512729116423 1.16467714916956 -4.37471216362164 1.21592812108325e-05 0.00110615451952402 "TRINITY_DN5897_c1_g1"
"TRINITY_DN59_c1_g2" 26.6993414401061 -4.85286990424526 1.28231608130129 -3.7844568706653 0.000154044617381328 0.00683797810734253 "TRINITY_DN59_c1_g2"
"TRINITY_DN5936_c0_g1" 436.584538233852 -2.38292514920757 0.774571848021233 -3.07644172105548 0.00209487250017973 0.0417471003026247 "TRINITY_DN5936_c0_g1"
"TRINITY_DN5957_c0_g1" 269.451901055582 -2.51998567003688 0.416648331521705 -6.04823175658295 1.46444195867567e-09 6.77711195320463e-07 "TRINITY_DN5957_c0_g1"
"TRINITY_DN5963_c0_g2" 401.16908302731 -4.27461249526062 0.791306929942129 -5.40196519645448 6.59147410771526e-08 1.71798199481271e-05 "TRINITY_DN5963_c0_g2"
"TRINITY_DN6001_c1_g1" 271.032269217568 -4.37067838715083 0.849555197818166 -5.14466676017713 2.67996101538244e-07 5.19164540886877e-05 "TRINITY_DN6001_c1_g1"
"TRINITY_DN6002_c0_g1" 29.9131951998181 -3.51185860480761 1.14603522297519 -3.06435485960944 0.00218139992600655 0.04273030307733 "TRINITY_DN6002_c0_g1"
"TRINITY_DN60104_c0_g1" 19.1060195434682 -4.70752907983148 1.325225615541 -3.55224727369137 0.000381955736148148 0.0127907187220666 "TRINITY_DN60104_c0_g1"
"TRINITY_DN602_c1_g1" 588.964074918544 -2.10246076620218 0.358491119185943 -5.86474993014171 4.49810090006258e-09 1.70314456806915e-06 "TRINITY_DN602_c1_g1"
"TRINITY_DN602_c1_g2" 104.644507475959 -2.17683679681128 0.534473640364801 -4.07286090914697 4.64391597750539e-05 0.0030045685508831 "TRINITY_DN602_c1_g2"
"TRINITY_DN60293_c0_g1" 20.4090562309748 -2.53273646122317 0.718771247552293 -3.52370308334977 0.000425560836288881 0.0137533337198308 "TRINITY_DN60293_c0_g1"
"TRINITY_DN60370_c0_g1" 16.3338816036949 -2.05602764627851 0.673955466495567 -3.05068769153167 0.00228317927157211 0.0440652696941961 "TRINITY_DN60370_c0_g1"
"TRINITY_DN6068_c0_g1" 56.4867587813382 -2.07441653548753 0.688374281305366 -3.01350092794549 0.00258252251387503 0.0479118319389288 "TRINITY_DN6068_c0_g1"
"TRINITY_DN609_c0_g1" 2899.25342882383 -2.63309488645294 0.455116784325929 -5.78553676141124 7.22811508045945e-09 2.58968596216031e-06 "TRINITY_DN609_c0_g1"
"TRINITY_DN61231_c1_g1" 23.8607868585831 -17.4257715386176 2.98432127802703 -5.83910709175991 5.24813286038349e-09 1.90073681421715e-06 "TRINITY_DN61231_c1_g1"
"TRINITY_DN614_c0_g1" 1040.1230172295 -3.67229709453148 0.6755864381742 -5.4357176032959 5.45763341975044e-08 1.47844183370801e-05 "TRINITY_DN614_c0_g1"
"TRINITY_DN6160_c0_g1" 33.0088089352497 -5.52937915119225 1.35845578663822 -4.07034163760003 4.69442437241271e-05 0.00301556951969031 "TRINITY_DN6160_c0_g1"
"TRINITY_DN6176_c0_g1" 61.7379793544794 -5.26153604185723 1.55010773736354 -3.39430345067896 0.00068803408440982 0.0191843478598621 "TRINITY_DN6176_c0_g1"
"TRINITY_DN62166_c0_g1" 10.5120437519947 -5.22957668550348 1.21373678953465 -4.30865796488588 1.64248146025396e-05 0.00137852600140207 "TRINITY_DN62166_c0_g1"
"TRINITY_DN6219_c0_g1" 2449.65069957235 -4.66030354892809 1.21925361154005 -3.82225937640785 0.000132234490512557 0.00618827699982921 "TRINITY_DN6219_c0_g1"
"TRINITY_DN6243_c0_g1" 124.234767500602 -5.14498837565111 1.02798634627152 -5.00491898001551 5.58855314963689e-07 9.45231426121326e-05 "TRINITY_DN6243_c0_g1"
"TRINITY_DN6382_c0_g1" 392.48445289989 -3.92593711702902 1.06079565429578 -3.70093627470154 0.000214805421196097 0.00864410221528255 "TRINITY_DN6382_c0_g1"
"TRINITY_DN6406_c4_g1" 38.272168660622 -21.31968700178 3.06242025530132 -6.96171172616615 3.36162851146093e-12 3.29439594123171e-09 "TRINITY_DN6406_c4_g1"
"TRINITY_DN6460_c0_g1" 197.442412898715 -5.4041943533623 1.16212552247638 -4.65026733243622 3.31505041614314e-06 0.000383532916201005 "TRINITY_DN6460_c0_g1"
"TRINITY_DN6466_c1_g1" 37.1247211613732 -3.59944444378159 0.932537436034133 -3.85983908494784 0.000113461715433688 0.00559974959979538 "TRINITY_DN6466_c1_g1"
"TRINITY_DN64799_c0_g1" 10.2472015353374 -5.22391551842133 1.29265033865865 -4.0412440721147 5.31683853180194e-05 0.00323234268111053 "TRINITY_DN64799_c0_g1"
"TRINITY_DN6514_c1_g1" 153.447219157784 -2.17466465441168 0.703863986734832 -3.0896092077388 0.00200420009919053 0.040620405903302 "TRINITY_DN6514_c1_g1"
"TRINITY_DN6537_c0_g1" 539.305058665375 -7.1232081824586 1.4365682357757 -4.95848926982037 7.10434617360352e-07 0.000113261633734196 "TRINITY_DN6537_c0_g1"
"TRINITY_DN6557_c0_g2" 146.105639268466 -3.27130240507289 0.759831875247822 -4.30529767391759 1.66761343598313e-05 0.00139610250469743 "TRINITY_DN6557_c0_g2"
"TRINITY_DN6558_c0_g1" 162.539302127437 -3.71604076772508 1.18968486791853 -3.12355050310646 0.00178683197580318 0.0373274240964024 "TRINITY_DN6558_c0_g1"
"TRINITY_DN659_c0_g2" 25.8951985450718 -2.0072621480228 0.606706776506688 -3.30845513145619 0.000938122156659309 0.0239894322792695 "TRINITY_DN659_c0_g2"
"TRINITY_DN662_c1_g1" 916.109692949362 -4.13222397851026 0.917832843168811 -4.50215309820881 6.72684953998392e-06 0.000691785884790939 "TRINITY_DN662_c1_g1"
"TRINITY_DN6627_c0_g1" 107.804075790249 -5.51413400825629 1.13630870980148 -4.85267248300828 1.21808763086874e-06 0.000176247129587282 "TRINITY_DN6627_c0_g1"
"TRINITY_DN66293_c0_g1" 2118.06687185033 -8.02452448462582 1.16329767147006 -6.89808350985971 5.27087607794114e-12 4.62172607676313e-09 "TRINITY_DN66293_c0_g1"
"TRINITY_DN6671_c2_g1" 44.5812422269847 -4.19709169298125 0.934621462429147 -4.49068618868725 7.0994084382861e-06 0.000716825118677857 "TRINITY_DN6671_c2_g1"
"TRINITY_DN66768_c0_g1" 24.8849567111059 -2.37777583178322 0.683893254266897 -3.47682305235206 0.000507392559955957 0.0154678134471477 "TRINITY_DN66768_c0_g1"
"TRINITY_DN669_c0_g1" 159.059660515247 -4.12082771177414 1.28796106315766 -3.19949711963436 0.00137667562836716 0.0312471607201594 "TRINITY_DN669_c0_g1"
"TRINITY_DN670_c0_g2" 124.076529548298 -2.10486654432683 0.516757032184383 -4.07322283632861 4.6367022420862e-05 0.0030045685508831 "TRINITY_DN670_c0_g2"
"TRINITY_DN6715_c0_g1" 731.049545631585 -3.15369426154777 0.731686082706053 -4.31017390666255 1.63126211187515e-05 0.00137256700928485 "TRINITY_DN6715_c0_g1"
"TRINITY_DN6746_c0_g1" 12624.9255645532 -4.81852743629745 0.480232769828402 -10.0337330957636 1.08341232954326e-23 2.40661992135876e-20 "TRINITY_DN6746_c0_g1"
"TRINITY_DN6746_c0_g2" 1496.62275032047 -5.15659720557418 0.61437842803245 -8.39319378788772 4.73110821249259e-17 8.29686977053963e-14 "TRINITY_DN6746_c0_g2"
"TRINITY_DN6746_c1_g1" 5509.36293054703 -6.12300586128551 0.920820171945514 -6.64951317079511 2.94064034660964e-11 2.13004644237029e-08 "TRINITY_DN6746_c1_g1"
"TRINITY_DN6747_c0_g1" 459.840051265195 -2.68200942934603 0.755426697421705 -3.55032386133534 0.000384757507947512 0.0128586962535718 "TRINITY_DN6747_c0_g1"
"TRINITY_DN6753_c0_g1" 67.4506200369338 -4.03062882680384 1.21865397353302 -3.30744322370573 0.000941517951589208 0.0240578053274175 "TRINITY_DN6753_c0_g1"
"TRINITY_DN6758_c0_g1" 6287.57341425619 -7.85450523272599 1.3058752406225 -6.0147439727717 1.80171227908398e-09 8.00440708521041e-07 "TRINITY_DN6758_c0_g1"
"TRINITY_DN67709_c1_g1" 3083.03338316929 -2.01316400456072 0.533520260785374 -3.77335998748617 0.000161063625259834 0.00702439789745768 "TRINITY_DN67709_c1_g1"
"TRINITY_DN67752_c0_g1" 27.7454749334356 -2.54886314566185 0.619892974001083 -4.11177937573687 3.92621398995513e-05 0.00265357911045243 "TRINITY_DN67752_c0_g1"
"TRINITY_DN6783_c1_g1" 2963.71451981017 -7.27578146910979 1.09823673376139 -6.62496640791711 3.47327155445943e-11 2.41102933738725e-08 "TRINITY_DN6783_c1_g1"
"TRINITY_DN6824_c0_g1" 9205.76363938038 -3.03448840011627 0.85008784358136 -3.56961744957108 0.000357502909345512 0.0122425456725513 "TRINITY_DN6824_c0_g1"
"TRINITY_DN6832_c0_g1" 868.108900354714 -8.19277046205248 1.37139104521361 -5.97405859593925 2.31422617629301e-09 9.76076154355484e-07 "TRINITY_DN6832_c0_g1"
"TRINITY_DN68468_c0_g1" 15.8726161065836 -4.46023601762707 1.22876960366416 -3.62983915318769 0.000283597885286061 0.0104069179930964 "TRINITY_DN68468_c0_g1"
"TRINITY_DN69293_c0_g1" 16.5346880237972 -6.7396426207274 1.9709152980108 -3.41954960090349 0.000627248959872289 0.01806390263003 "TRINITY_DN69293_c0_g1"
"TRINITY_DN694_c0_g1" 266.945366733115 -2.71294371098405 0.859733367674154 -3.15556405391523 0.00160188088579823 0.0345914913252087 "TRINITY_DN694_c0_g1"
"TRINITY_DN6942_c1_g1" 27.1931623301675 -3.91615937419522 0.908046020790195 -4.31273226745415 1.61249338940968e-05 0.00136657253192719 "TRINITY_DN6942_c1_g1"
"TRINITY_DN6944_c0_g2" 808.281156307952 -5.47373816137634 1.08966348847955 -5.02332896279205 5.07834506406297e-07 8.74088092504176e-05 "TRINITY_DN6944_c0_g2"
"TRINITY_DN69481_c0_g1" 16.6141613337414 -4.55005382421217 1.32965488193215 -3.42198106143182 0.000621666436148956 0.0179496756087376 "TRINITY_DN69481_c0_g1"
"TRINITY_DN6963_c2_g1" 216.475458802054 -3.9020126315638 0.59231024672883 -6.58778512293779 4.46436106132975e-11 2.97505021127015e-08 "TRINITY_DN6963_c2_g1"
"TRINITY_DN70_c3_g2" 39.9115998754417 -3.63136242244114 0.911666892474253 -3.98321190822853 6.79900794278451e-05 0.00383115566289425 "TRINITY_DN70_c3_g2"
"TRINITY_DN70_c7_g1" 86.0166226826591 -4.04264075724966 1.21343081495908 -3.3315791122265 0.000863547511363962 0.0226785188832574 "TRINITY_DN70_c7_g1"
"TRINITY_DN7043_c0_g1" 19.6948541439198 -3.05561680369953 1.01660225519099 -3.00571515368659 0.00264957074674761 0.0486948137240101 "TRINITY_DN7043_c0_g1"
"TRINITY_DN7054_c0_g1" 1120.72425332495 -3.59417525723796 0.898043899434746 -4.00222668346195 6.274913537697e-05 0.00359862511318527 "TRINITY_DN7054_c0_g1"
"TRINITY_DN70585_c1_g1" 15.9486564255859 -2.23131443228589 0.620288571246657 -3.59721996457453 0.000321636475839391 0.0113167131731452 "TRINITY_DN70585_c1_g1"
"TRINITY_DN70675_c0_g1" 305.508468814329 -4.0760100190107 0.990083436159621 -4.11683487486762 3.84111066544589e-05 0.00261195525250321 "TRINITY_DN70675_c0_g1"
"TRINITY_DN7096_c8_g1" 104.961291762126 -3.8080939421219 1.16108178176519 -3.27978097833251 0.00103887703573695 0.0258516675360383 "TRINITY_DN7096_c8_g1"
"TRINITY_DN7129_c0_g1" 1962.83290511296 -5.82549284609372 1.32282450107526 -4.4038289594413 1.06356808478241e-05 0.000989890742596365 "TRINITY_DN7129_c0_g1"
"TRINITY_DN7154_c0_g2" 205.952273178421 -3.42117151479887 0.844314251909528 -4.05201204061336 5.07790511416613e-05 0.00315075974681593 "TRINITY_DN7154_c0_g2"
"TRINITY_DN7158_c0_g1" 506.481600154296 -2.86434040162237 0.832932359565854 -3.4388631546448 0.000584162444985432 0.0170889312264395 "TRINITY_DN7158_c0_g1"
"TRINITY_DN71674_c0_g1" 27.4663111305938 -3.3120407163228 0.948316415745923 -3.4925481214175 0.000478435382288907 0.0148707713972634 "TRINITY_DN71674_c0_g1"
"TRINITY_DN7195_c0_g1" 132.731414700488 -7.56569835149519 1.34866896905479 -5.60975192956179 2.02616841983655e-08 6.36905016499565e-06 "TRINITY_DN7195_c0_g1"
"TRINITY_DN721_c0_g1" 322.34747391863 -4.36432500221767 0.909821728068795 -4.79690126930852 1.61138974815136e-06 0.000217374519872078 "TRINITY_DN721_c0_g1"
"TRINITY_DN7225_c0_g1" 408.641313823526 -3.85667615960478 0.754026118441114 -5.11477794373773 3.14110254697045e-07 6.01503085431353e-05 "TRINITY_DN7225_c0_g1"
"TRINITY_DN723_c1_g2" 1770.70151448757 -3.52790303962468 1.15225120210435 -3.06174819621075 0.00220048477894072 0.0429778152604365 "TRINITY_DN723_c1_g2"
"TRINITY_DN7259_c0_g2" 42.9432468602 -7.27160641664638 2.04792999021801 -3.55071044976118 0.000384192839584515 0.0128527162800763 "TRINITY_DN7259_c0_g2"
"TRINITY_DN7292_c0_g1" 481.769982145704 -5.74132311168518 1.37373556771883 -4.17935099490725 2.92342189616712e-05 0.00213614950833966 "TRINITY_DN7292_c0_g1"
"TRINITY_DN733_c1_g1" 911.736340803197 -2.01701133996197 0.528002003157235 -3.82008274192346 0.000133406913279794 0.00621694874193388 "TRINITY_DN733_c1_g1"
"TRINITY_DN7341_c0_g1" 313.241661976167 -2.425163599528 0.601619246047469 -4.03106053448404 5.55257391839276e-05 0.00333354527857382 "TRINITY_DN7341_c0_g1"
"TRINITY_DN7348_c0_g1" 384.019499354698 -8.73682837205438 1.20943940966894 -7.22386611698545 5.05300072399107e-13 6.47561477397624e-10 "TRINITY_DN7348_c0_g1"
"TRINITY_DN7350_c0_g1" 1619.16904087854 -7.77587063522393 1.30369957600522 -5.96446511016797 2.45436703556383e-09 1.01363559400632e-06 "TRINITY_DN7350_c0_g1"
"TRINITY_DN7372_c0_g1" 41.4870148760128 -23.377849777012 1.64037019290964 -14.251569479902 4.38318328416029e-46 1.62275185586912e-42 "TRINITY_DN7372_c0_g1"
"TRINITY_DN7378_c0_g1" 358.997867370842 -2.19786035482253 0.55192020283856 -3.98220674568315 6.82783450356923e-05 0.00383115566289425 "TRINITY_DN7378_c0_g1"
"TRINITY_DN7436_c0_g1" 25.5193501415756 -3.52276844974656 0.89137325573844 -3.95206881860977 7.74784503980194e-05 0.0042045308913062 "TRINITY_DN7436_c0_g1"
"TRINITY_DN7439_c0_g1" 277.976346072647 -2.05387015835314 0.430697824878035 -4.76870334540176 1.85415457842523e-06 0.000242994634760174 "TRINITY_DN7439_c0_g1"
"TRINITY_DN7460_c0_g1" 143.805643838178 -4.27297813524683 1.15835342351243 -3.68883800791131 0.000225280592240084 0.00898104322905074 "TRINITY_DN7460_c0_g1"
"TRINITY_DN7484_c0_g2" 186.495820563797 -2.66032124043234 0.480510409335395 -5.53644871941878 3.08666158020715e-08 8.9432664219567e-06 "TRINITY_DN7484_c0_g2"
"TRINITY_DN7509_c0_g1" 245.805118956953 -5.13281244816086 1.55346344163276 -3.30410894173734 0.000952787994382263 0.0242289758439899 "TRINITY_DN7509_c0_g1"
"TRINITY_DN7519_c1_g1" 184.883545452558 -5.30946890212835 0.892418305738181 -5.949529349621 2.68914620717531e-09 1.08638916931401e-06 "TRINITY_DN7519_c1_g1"
"TRINITY_DN75509_c0_g1" 22.9200894851518 -4.67973455043525 1.08565960579151 -4.31049891280008 1.62886629800171e-05 0.00137256700928485 "TRINITY_DN75509_c0_g1"
"TRINITY_DN7563_c0_g1" 31.0440600593882 -2.31494529737941 0.714850395082336 -3.23836331812166 0.00120217609032133 0.0284377639283319 "TRINITY_DN7563_c0_g1"
"TRINITY_DN75691_c0_g1" 3925.92401654902 -2.10330490945213 0.624778314297058 -3.36648193658668 0.000761335682195628 0.0206914395846316 "TRINITY_DN75691_c0_g1"
"TRINITY_DN76044_c0_g1" 13.7794039106078 -2.79643704449319 0.784057006691901 -3.56662464671024 0.000361608849557763 0.0123324532930038 "TRINITY_DN76044_c0_g1"
"TRINITY_DN7612_c0_g1" 82.2020727689783 -4.38240740664297 1.35366463194964 -3.2374395424154 0.00120607491619019 0.0284606347078308 "TRINITY_DN7612_c0_g1"
"TRINITY_DN7683_c0_g1" 49.1306190388283 -4.17323863407438 1.09065537814503 -3.82635864426044 0.000130052773584974 0.00613368154029615 "TRINITY_DN7683_c0_g1"
"TRINITY_DN7731_c0_g1" 80.3284562448909 -3.31827342030833 0.903728195964484 -3.67176041992026 0.000240885448544752 0.00934593351685283 "TRINITY_DN7731_c0_g1"
"TRINITY_DN778_c0_g1" 514.750931677242 -2.54368011618299 0.825111095129467 -3.08283348896656 0.00205039847218988 0.0411314130604255 "TRINITY_DN778_c0_g1"
"TRINITY_DN7790_c0_g1" 205.515092314741 -2.33662244930994 0.605383424171501 -3.85973972199145 0.000113507858937316 0.00559974959979538 "TRINITY_DN7790_c0_g1"
"TRINITY_DN7819_c0_g1" 630.732510003569 -3.63713316713888 0.656750565178298 -5.53807390504712 3.0581621732748e-08 8.9432664219567e-06 "TRINITY_DN7819_c0_g1"
"TRINITY_DN7820_c0_g1" 526.130923277875 -3.61345395694489 1.11326333804654 -3.24582139144676 0.00117112289647765 0.0280934592589167 "TRINITY_DN7820_c0_g1"
"TRINITY_DN7873_c0_g1" 69.9739720060195 -6.02091113841189 1.06004848436397 -5.67984505163881 1.34816817113891e-08 4.31932340984121e-06 "TRINITY_DN7873_c0_g1"
"TRINITY_DN7905_c0_g1" 25.3189137189132 -2.67526715952507 0.862428954762262 -3.10201454247619 0.00192208515816555 0.0393148419091934 "TRINITY_DN7905_c0_g1"
"TRINITY_DN80078_c0_g1" 29.1120397655808 -3.98583009343423 1.07326999060976 -3.71372546358977 0.000204230345451061 0.0084272319170762 "TRINITY_DN80078_c0_g1"
"TRINITY_DN8012_c0_g3" 31.478218385313 -4.38603254809114 1.07855065898978 -4.06659855198579 4.77043164572606e-05 0.00302763395115414 "TRINITY_DN8012_c0_g3"
"TRINITY_DN8108_c0_g1" 621.124962309038 -5.70335161777352 1.06862523483182 -5.33709239860043 9.44489150749869e-08 2.20072576943955e-05 "TRINITY_DN8108_c0_g1"
"TRINITY_DN812_c1_g1" 916.139271056314 -22.2820441580255 1.39939988559579 -15.9225710873479 4.41841082347228e-57 3.11834215329719e-53 "TRINITY_DN812_c1_g1"
"TRINITY_DN812_c1_g3" 26.558967765104 -5.56780433129652 1.67044710605327 -3.33312219891324 0.000858772151976685 0.0226225764019925 "TRINITY_DN812_c1_g3"
"TRINITY_DN81503_c0_g1" 13.8477131611839 -3.53956448319702 1.16554993925108 -3.03681924214364 0.00239088782540354 0.0454965061921451 "TRINITY_DN81503_c0_g1"
"TRINITY_DN8246_c0_g1" 1449.09280147454 -2.04808050216364 0.65696066854315 -3.11750855147141 0.00182386655427654 0.0378165734838173 "TRINITY_DN8246_c0_g1"
"TRINITY_DN8306_c0_g1" 390.176757561101 -2.11229381360031 0.695049195757834 -3.03905655382741 0.002373202993624 0.0453412406809356 "TRINITY_DN8306_c0_g1"
"TRINITY_DN8310_c0_g1" 47.3732732372196 -4.8706790560877 1.05837916590122 -4.6020171343228 4.18418772783592e-06 0.000461646142687062 "TRINITY_DN8310_c0_g1"
"TRINITY_DN8313_c0_g1" 27082.7762777082 -7.712031237599 1.29646763353942 -5.94849500140994 2.70619150819517e-09 1.08638916931401e-06 "TRINITY_DN8313_c0_g1"
"TRINITY_DN8391_c0_g1" 44.0435916519397 -2.8076040621801 0.919740429757194 -3.05260481255705 0.002268644884409 0.0439483997375045 "TRINITY_DN8391_c0_g1"
"TRINITY_DN8398_c0_g1" 812.1645609063 -2.4685984969466 0.46982655718567 -5.25427619871867 1.48607727176095e-07 3.11421979214306e-05 "TRINITY_DN8398_c0_g1"
"TRINITY_DN8424_c0_g1" 1188.36169666356 -3.02281969523388 0.772942244917339 -3.91079633065876 9.19923204112081e-05 0.00485766103978043 "TRINITY_DN8424_c0_g1"
"TRINITY_DN8432_c0_g1" 7441.15084069904 -3.45403133257324 0.558760101053717 -6.18159980653518 6.3455221591437e-10 3.10930585798041e-07 "TRINITY_DN8432_c0_g1"
"TRINITY_DN8449_c0_g1" 15.8795187664986 -4.30637182745912 1.39097630487526 -3.09593471316919 0.00196193553759252 0.03998268630739 "TRINITY_DN8449_c0_g1"
"TRINITY_DN850_c0_g1" 95.8002821557589 -6.12864369212022 1.40027651133655 -4.37673819599424 1.20468528452185e-05 0.00109972914192515 "TRINITY_DN850_c0_g1"
"TRINITY_DN8505_c0_g1" 129.566333704414 -3.52175855722688 0.871007838050356 -4.04331442654972 5.27008705219851e-05 0.00322792831947159 "TRINITY_DN8505_c0_g1"
"TRINITY_DN8533_c0_g1" 43.3377679533139 -4.33225046747125 1.42252582240845 -3.0454634982558 0.00232321976698134 0.0446318683146276 "TRINITY_DN8533_c0_g1"
"TRINITY_DN854_c0_g1" 793.237772407169 -2.59370219023614 0.391008252203285 -6.63336943816642 3.28109207438681e-11 2.32608484933124e-08 "TRINITY_DN854_c0_g1"
"TRINITY_DN858_c0_g1" 109.452765866139 -2.82092385723367 0.918980386647559 -3.06962357219004 0.00214328719913872 0.0423572535440701 "TRINITY_DN858_c0_g1"
"TRINITY_DN858_c2_g1" 10.5480596783793 -4.88275924305263 1.46989745189177 -3.32183666062451 0.000894270274451805 0.0232608005813694 "TRINITY_DN858_c2_g1"
"TRINITY_DN8589_c0_g1" 622.029110162142 -2.18980048423964 0.575390089394803 -3.80576677388184 0.000141365548168844 0.00640857151698759 "TRINITY_DN8589_c0_g1"
"TRINITY_DN860_c1_g3" 133.047762913792 -4.18152454115506 1.32174042034298 -3.16365034828092 0.00155803854027966 0.0339652749312868 "TRINITY_DN860_c1_g3"
"TRINITY_DN860_c3_g1" 51.0430208069855 -3.86760580486398 1.06041604920521 -3.64725317743235 0.000265058723696244 0.00998198913755075 "TRINITY_DN860_c3_g1"
"TRINITY_DN8612_c0_g1" 225.829542996328 -4.71820560067903 1.08887477071754 -4.33310214136915 1.47022855558889e-05 0.00127572956958911 "TRINITY_DN8612_c0_g1"
"TRINITY_DN867_c0_g1" 587.728071390721 -3.241338827815 0.746249823476796 -4.3435036442803 1.40228150337379e-05 0.00122635222289802 "TRINITY_DN867_c0_g1"
"TRINITY_DN8692_c0_g1" 510.000047662826 -7.7653262175428 1.24820353850852 -6.22120189374052 4.93360820009614e-10 2.5290434650339e-07 "TRINITY_DN8692_c0_g1"
"TRINITY_DN8692_c0_g2" 880.312577565665 -2.05579166121265 0.542542382453026 -3.78918168921235 0.000151144342953865 0.00673012633314283 "TRINITY_DN8692_c0_g2"
"TRINITY_DN86956_c0_g1" 42.7494502910682 -4.44801226354973 0.843253330330228 -5.27482323942656 1.32884105398292e-07 2.8939205175628e-05 "TRINITY_DN86956_c0_g1"
"TRINITY_DN8729_c0_g1" 86.1100812171348 -6.25323876887181 1.16651508144643 -5.36061545052469 8.29389015634158e-08 2.04479745712495e-05 "TRINITY_DN8729_c0_g1"
"TRINITY_DN8752_c0_g1" 237.299323406354 -3.44881067830759 0.989223528096243 -3.48638157135709 0.000489602111056732 0.0150772110354993 "TRINITY_DN8752_c0_g1"
"TRINITY_DN8754_c0_g1" 22.3334339618611 -4.96457421151933 1.25989394473489 -3.94046993579606 8.13221425419452e-05 0.00437746977301715 "TRINITY_DN8754_c0_g1"
"TRINITY_DN87594_c0_g1" 12.4237075184997 -6.37279908931594 1.88517430617213 -3.38048267921495 0.000723586355548486 0.0200248317000627 "TRINITY_DN87594_c0_g1"
"TRINITY_DN87654_c0_g1" 177.810193644317 -5.84711056378511 1.35086362832164 -4.32842401053448 1.50180130944194e-05 0.00129297817946331 "TRINITY_DN87654_c0_g1"
"TRINITY_DN8795_c0_g1" 66.4776886128741 -4.72460756020144 1.34515284085886 -3.51232024844468 0.000444212378089336 0.0140983128927682 "TRINITY_DN8795_c0_g1"
"TRINITY_DN8809_c0_g1" 64.8848809458626 -3.6601620231312 1.12295503867953 -3.25940211055568 0.00111647301673471 0.0270748769414851 "TRINITY_DN8809_c0_g1"
"TRINITY_DN8810_c0_g1" 149.363063502251 -2.39108222254416 0.739899761881982 -3.23162993925325 0.00123086346993918 0.0288413296894328 "TRINITY_DN8810_c0_g1"
"TRINITY_DN8851_c0_g2" 658.995744129414 -2.81567941348629 0.624896419615407 -4.50583380717593 6.61128178644607e-06 0.000686255168611785 "TRINITY_DN8851_c0_g2"
"TRINITY_DN88694_c0_g2" 10.6468158277118 -3.38166961886327 0.935570629549306 -3.61455299263972 0.000300866274398315 0.0108611747160909 "TRINITY_DN88694_c0_g2"
"TRINITY_DN8895_c0_g1" 122.951326433329 -4.42824724130662 0.949947107225861 -4.66157242610956 3.13802598619193e-06 0.000368165584013785 "TRINITY_DN8895_c0_g1"
"TRINITY_DN8904_c0_g1" 101.079751032123 -3.9046808084599 1.20905072308961 -3.22954259394667 0.0012398841064382 0.0289662163782581 "TRINITY_DN8904_c0_g1"
"TRINITY_DN89573_c0_g1" 13.6791550900881 -21.4974290000145 4.9163443548854 -4.37264508916109 1.22750186734699e-05 0.00110841090027105 "TRINITY_DN89573_c0_g1"
"TRINITY_DN900_c0_g1" 1628.69706692342 -3.51915664891937 0.775608464184483 -4.53728499806871 5.69830761690063e-06 0.000604673916544996 "TRINITY_DN900_c0_g1"
"TRINITY_DN9004_c0_g2" 1075.22171794663 -3.2976510791318 0.853258342843905 -3.86477449272954 0.000111191881922093 0.00554627770306007 "TRINITY_DN9004_c0_g2"
"TRINITY_DN9019_c0_g1" 56.7859784810849 -4.41618064425332 1.29192682211029 -3.41829008321055 0.000630159058734769 0.0181007757215884 "TRINITY_DN9019_c0_g1"
"TRINITY_DN9044_c0_g1" 223.982641383178 -3.64453724086624 0.946329025096653 -3.85123687873148 0.000117522754294852 0.00571231730267657 "TRINITY_DN9044_c0_g1"
"TRINITY_DN9211_c0_g1" 75.9820391712776 -6.73801985987792 1.55980611925606 -4.31978037314765 1.56184562069988e-05 0.00133240031358076 "TRINITY_DN9211_c0_g1"
"TRINITY_DN92525_c0_g1" 15.5398311612408 -6.84385907554513 1.5647820627487 -4.3736819576799 1.22168326285966e-05 0.00110615451952402 "TRINITY_DN92525_c0_g1"
"TRINITY_DN929_c0_g2" 201.968762789289 -7.93628422325176 1.570252068317 -5.05414664523123 4.32319349316546e-07 7.58342680372555e-05 "TRINITY_DN929_c0_g2"
"TRINITY_DN932_c0_g1" 491.240592346857 -3.80110528923377 1.07295155310936 -3.54266255379226 0.000396109212028655 0.0131356169876357 "TRINITY_DN932_c0_g1"
"TRINITY_DN9329_c0_g2" 939.882560907744 -2.1647372961042 0.670012017760416 -3.23089323582591 0.0012340402513309 0.028875155319063 "TRINITY_DN9329_c0_g2"
"TRINITY_DN934_c0_g2" 291.41286727618 -6.96567364691514 1.39885706391465 -4.9795463929831 6.37334743271121e-07 0.000104798980066567 "TRINITY_DN934_c0_g2"
"TRINITY_DN9369_c0_g1" 350.751730247721 -2.04571380671653 0.47268448167953 -4.32786327033152 1.50562885243627e-05 0.00129297817946331 "TRINITY_DN9369_c0_g1"
"TRINITY_DN938_c1_g1" 265.16907015437 -3.07256995558913 0.754892350826433 -4.07020941757506 4.69708956094819e-05 0.00301556951969031 "TRINITY_DN938_c1_g1"
"TRINITY_DN94131_c0_g1" 21.0530644574735 -2.49953392836874 0.790105757271466 -3.16354349448177 0.00155861060534026 0.0339652749312868 "TRINITY_DN94131_c0_g1"
"TRINITY_DN9449_c0_g1" 604.076893811016 -2.28795283493029 0.706486854975481 -3.23849314225343 0.00120162909736034 0.0284377639283319 "TRINITY_DN9449_c0_g1"
"TRINITY_DN948_c4_g1" 18.3617187410924 -2.91301532646267 0.932109129425955 -3.12518699206033 0.00177692065188407 0.0372371044784763 "TRINITY_DN948_c4_g1"
"TRINITY_DN9487_c0_g1" 72.1151623157058 -3.82158163737335 1.04891123058463 -3.64337946428825 0.000269081690276096 0.0100653044999386 "TRINITY_DN9487_c0_g1"
"TRINITY_DN9608_c1_g1" 56.818567147019 -3.11411188209589 0.952004524554362 -3.27111038002011 0.00107126089085241 0.0263621956301345 "TRINITY_DN9608_c1_g1"
"TRINITY_DN968_c1_g1" 205.110929304807 -2.00964412120624 0.532983346277808 -3.77055706382005 0.000162883551068277 0.00709448355764049 "TRINITY_DN968_c1_g1"
"TRINITY_DN9703_c0_g1" 92.749358924826 -3.49250190731369 1.12787086076313 -3.09654414243014 0.00195790708486161 0.0399250086092954 "TRINITY_DN9703_c0_g1"
"TRINITY_DN9795_c0_g1" 136.081370021395 -4.28126428734347 1.25588193345478 -3.40897036042731 0.000652085641320958 0.0185072347264177 "TRINITY_DN9795_c0_g1"
"TRINITY_DN9796_c0_g1" 214.144810842708 -2.09845677461363 0.48122256988325 -4.36067820992423 1.29659930908072e-05 0.001158249034278 "TRINITY_DN9796_c0_g1"
"TRINITY_DN98247_c0_g1" 10.7932127342386 -5.8634949802058 1.5829338125494 -3.70419466292297 0.00021206336881114 0.00858560321845346 "TRINITY_DN98247_c0_g1"
"TRINITY_DN985_c0_g1" 26.45874640711 -2.21692944787285 0.643508125847655 -3.445068304231 0.000570915104515742 0.0168240334748208 "TRINITY_DN985_c0_g1"
"TRINITY_DN9879_c0_g1" 1187.73839398626 -4.93618930206329 0.82438981219303 -5.98768838364476 2.12844352865102e-09 9.0922741505964e-07 "TRINITY_DN9879_c0_g1"
"TRINITY_DN9924_c0_g1" 97.8395561228879 -4.15213054195413 1.12027365906047 -3.70635380772621 0.000210264514374345 0.0085231309233007 "TRINITY_DN9924_c0_g1"
"TRINITY_DN9928_c0_g1" 272.660605469893 -3.21164873296337 0.450826587466421 -7.12391154881162 1.04906381079578e-12 1.20533814399018e-09 "TRINITY_DN9928_c0_g1"
"TRINITY_DN9973_c0_g1" 25.9748422411147 -4.17055490704805 1.36049196418394 -3.06547559033152 0.00217324116271167 0.0426456981987944 "TRINITY_DN9973_c0_g1"
"TRINITY_DN9984_c1_g1" 80.8858298590945 -9.41623808432522 1.44489216692871 -6.51691406448728 7.17685136688388e-11 4.59870552970329e-08 "TRINITY_DN9984_c1_g1"
