"baseMean" "log2FoldChange" "lfcSE" "stat" "pvalue" "padj" "trin_geneid"
"TRINITY_DN10197_c0_g1" 75.7729907754381 7.20224942811293 1.44008359214466 5.00127177852702 5.69533586673464e-07 9.58427227674738e-05 "TRINITY_DN10197_c0_g1"
"TRINITY_DN10230_c0_g3" 443.171575075955 2.3898882484079 0.446862376869938 5.34815274704474 8.88564614790111e-08 2.11478378320047e-05 "TRINITY_DN10230_c0_g3"
"TRINITY_DN10654_c0_g1" 45.5761823955881 4.7763910492554 1.04921801701813 4.55233418773143 5.30539717445757e-06 0.000564779021894333 "TRINITY_DN10654_c0_g1"
"TRINITY_DN10753_c0_g2" 77.0553224220461 3.43188290233755 1.07641249678088 3.18825999568099 0.00143131775579508 0.0320292193573486 "TRINITY_DN10753_c0_g2"
"TRINITY_DN10800_c0_g1" 81.6343999463712 2.31929731897197 0.703524813588503 3.29668161545264 0.000978343380650641 0.0246406059148122 "TRINITY_DN10800_c0_g1"
"TRINITY_DN10953_c0_g1" 41.4472121372223 5.17847035800046 1.21965994930645 4.24583127530355 2.17784473911833e-05 0.00171550323185397 "TRINITY_DN10953_c0_g1"
"TRINITY_DN109805_c0_g1" 129.936085990786 5.68655425390137 1.63136830147143 3.48575747657492 0.000490745699089313 0.015085740693805 "TRINITY_DN109805_c0_g1"
"TRINITY_DN111416_c0_g1" 62.6199117028228 3.44423677714721 0.985996128812761 3.49315446227402 0.000477350310615883 0.0148508985524941 "TRINITY_DN111416_c0_g1"
"TRINITY_DN11174_c0_g1" 37.054921116903 2.16967169787276 0.66171405536803 3.27886596978212 0.0010422512455714 0.02588334095791 "TRINITY_DN11174_c0_g1"
"TRINITY_DN11345_c0_g1" 12.4779976314541 3.54913750432767 1.15386871280092 3.0758590340078 0.00209897053866197 0.0417776867927152 "TRINITY_DN11345_c0_g1"
"TRINITY_DN11403_c0_g1" 12.0914691851422 30.5336579210121 3.52636856529091 8.65866892688037 4.77304899008319e-18 9.35517602056306e-15 "TRINITY_DN11403_c0_g1"
"TRINITY_DN1161_c0_g1" 377.798392898766 2.47636240606069 0.616767448709404 4.01506663693508 5.94290015522651e-05 0.00347399005565171 "TRINITY_DN1161_c0_g1"
"TRINITY_DN11866_c0_g1" 52.0267131342986 2.90839949639815 0.948635606726655 3.06587637631885 0.00217033029367802 0.0426159903272776 "TRINITY_DN11866_c0_g1"
"TRINITY_DN12663_c1_g1" 12.3500185385044 16.7231988453339 2.19487360380579 7.61920814772059 2.55236601670811e-14 3.69760155116149e-11 "TRINITY_DN12663_c1_g1"
"TRINITY_DN12716_c0_g1" 29.2696907516148 2.42171873035003 0.647838192666644 3.73815368986151 0.000185376618244925 0.00792907435163144 "TRINITY_DN12716_c0_g1"
"TRINITY_DN12801_c0_g1" 21.3086869707759 2.07790190360628 0.578676515615791 3.59078318807375 0.000329685804605323 0.0115390031611863 "TRINITY_DN12801_c0_g1"
"TRINITY_DN12969_c0_g1" 19.3856293392895 2.27549722604153 0.633966978888875 3.58929928815802 0.000331568003412361 0.0115927029104931 "TRINITY_DN12969_c0_g1"
"TRINITY_DN12971_c0_g1" 11.8212107546744 2.5935402039646 0.853362844923805 3.03919981915334 0.00237207464301926 0.0453412406809356 "TRINITY_DN12971_c0_g1"
"TRINITY_DN132086_c0_g1" 16.5773552782593 26.9638234229167 4.95194072609444 5.44510221635525 5.1775644820945e-08 1.4376370711949e-05 "TRINITY_DN132086_c0_g1"
"TRINITY_DN13265_c0_g1" 2068.8650829179 2.46415678599676 0.374357969905103 6.58235428144191 4.63056562363186e-11 3.02530287410615e-08 "TRINITY_DN13265_c0_g1"
"TRINITY_DN13269_c0_g1" 36.0913184373054 2.54191304721113 0.717938266911661 3.54057328375269 0.000399258738219997 0.0132239574130122 "TRINITY_DN13269_c0_g1"
"TRINITY_DN134_c2_g5" 475.51197669887 3.68707329828847 1.1231549643753 3.28278235438261 0.0010278799118682 0.0256858345074839 "TRINITY_DN134_c2_g5"
"TRINITY_DN1342_c3_g1" 187.308803080496 2.69319899709711 0.671072423375902 4.01327621771237 5.98817718351558e-05 0.00348677265879141 "TRINITY_DN1342_c3_g1"
"TRINITY_DN13875_c0_g1" 20.592132414789 4.26876498146162 1.20115869447059 3.55387260743516 0.000379603042486558 0.0127890529581922 "TRINITY_DN13875_c0_g1"
"TRINITY_DN138910_c0_g1" 24.1884977054629 4.41800031326323 1.439854831985 3.06836509842629 0.00215233481294334 0.042435382229155 "TRINITY_DN138910_c0_g1"
"TRINITY_DN1400_c0_g1" 186.274754116404 3.94455435547678 1.06172405278697 3.71523499455676 0.000203014934270226 0.0084272319170762 "TRINITY_DN1400_c0_g1"
"TRINITY_DN14070_c0_g1" 108.975018497266 3.17026813813724 0.754335827503774 4.20272778058043 2.63717659493376e-05 0.00198802543310391 "TRINITY_DN14070_c0_g1"
"TRINITY_DN142630_c0_g1" 2124.02624825502 2.52569404087626 0.84424156486534 2.99167222509249 0.00277453986337428 0.0498775600793044 "TRINITY_DN142630_c0_g1"
"TRINITY_DN14345_c0_g1" 33.2542037808562 6.8090551961157 1.77000010294575 3.84692361587078 0.000119610239149711 0.00577596111372229 "TRINITY_DN14345_c0_g1"
"TRINITY_DN143490_c0_g1" 440.608008994367 3.67954505481694 1.2257762140696 3.00180817067805 0.00268381238630339 0.0490048363244869 "TRINITY_DN143490_c0_g1"
"TRINITY_DN1443_c0_g1" 270.304413827575 2.59185000980299 0.810818724728388 3.19658381183935 0.00139065419098153 0.0314786668773808 "TRINITY_DN1443_c0_g1"
"TRINITY_DN146316_c0_g1" 165.769848014667 4.02935739742086 1.34494002332225 2.99593835230481 0.00273601740709964 0.0495559655282352 "TRINITY_DN146316_c0_g1"
"TRINITY_DN149742_c0_g1" 18.5704924188933 2.12839766689154 0.649803306347398 3.27544911837315 0.0010549411578148 0.0261148880968715 "TRINITY_DN149742_c0_g1"
"TRINITY_DN150_c0_g2" 428.389676227412 2.77615614870205 0.720906065284516 3.85092633061201 0.000117671894685654 0.00571231730267657 "TRINITY_DN150_c0_g2"
"TRINITY_DN15023_c0_g1" 39.2518259869483 3.00776844998435 0.786194143034624 3.82573245633031 0.000130383834504923 0.00613614317189837 "TRINITY_DN15023_c0_g1"
"TRINITY_DN150248_c3_g2" 3214.35371052558 8.61724268358954 1.63416286668044 5.27318473530989 1.34076480112917e-07 2.90092747880676e-05 "TRINITY_DN150248_c3_g2"
"TRINITY_DN15246_c0_g1" 61.7622449071194 2.90112067122 0.865105253164824 3.35348867736822 0.000797996786856156 0.0214171904325207 "TRINITY_DN15246_c0_g1"
"TRINITY_DN1542_c1_g1" 10.6282268477269 4.16770198571618 1.23821159474376 3.36590450566621 0.00076293115354099 0.0207179022298173 "TRINITY_DN1542_c1_g1"
"TRINITY_DN15675_c0_g1" 52.0552054581889 3.23498405398276 1.0049150882478 3.21916159068062 0.00128566012936058 0.0297901220516651 "TRINITY_DN15675_c0_g1"
"TRINITY_DN15859_c0_g1" 97.0298448349917 4.3072496434782 0.933615393110744 4.61351609588048 3.95913588048013e-06 0.000442679219924825 "TRINITY_DN15859_c0_g1"
"TRINITY_DN1641_c1_g1" 725.79416405983 3.69146612620491 1.04151009680053 3.54434022055563 0.000393596988477568 0.0130884747066592 "TRINITY_DN1641_c1_g1"
"TRINITY_DN16508_c0_g1" 13.1504014777655 4.86701233702206 1.10414537653178 4.40794522213171 1.04355928391622e-05 0.000976724588204736 "TRINITY_DN16508_c0_g1"
"TRINITY_DN1678_c0_g1" 186.058807709609 2.46714269180551 0.611109049679583 4.03715620493442 5.4103046743169e-05 0.0032717123729263 "TRINITY_DN1678_c0_g1"
"TRINITY_DN16898_c1_g1" 41.8048355574118 3.80298941873654 1.1490510674112 3.30967833075047 0.000934032450884054 0.0239702511859472 "TRINITY_DN16898_c1_g1"
"TRINITY_DN1723_c2_g1" 29.1424697587763 3.22857879775961 1.03519438732707 3.11881404814798 0.00181580518712905 0.0376963419533582 "TRINITY_DN1723_c2_g1"
"TRINITY_DN1762_c0_g1" 3120.70585371918 2.00040344424131 0.548137795764382 3.64945358575708 0.000262798716140186 0.00991670806544848 "TRINITY_DN1762_c0_g1"
"TRINITY_DN17630_c0_g1" 17.8315062285178 2.79558899477554 0.87938000121188 3.17904545352739 0.0014776091843631 0.0326918579169844 "TRINITY_DN17630_c0_g1"
"TRINITY_DN17711_c0_g1" 11.5312832629711 5.13034173673886 1.34128383914127 3.82494859553625 0.000130799375241451 0.00614701718342054 "TRINITY_DN17711_c0_g1"
"TRINITY_DN178_c1_g1" 2172.59878578547 2.08723188790297 0.35314052974608 5.91048523771473 3.41101421850667e-09 1.35303564000765e-06 "TRINITY_DN178_c1_g1"
"TRINITY_DN18223_c0_g2" 28.9305785353577 2.81976704580508 0.817317055725432 3.4500283899035 0.000560527603107787 0.0166037087988063 "TRINITY_DN18223_c0_g2"
"TRINITY_DN18263_c0_g1" 4144.75559906509 2.23796260237572 0.589862578715423 3.79404065138267 0.000148215392003475 0.0066467521689849 "TRINITY_DN18263_c0_g1"
"TRINITY_DN18274_c0_g1" 55.7034699451861 2.50053631132435 0.596434164535471 4.19247665544424 2.75925483615346e-05 0.00205645903864926 "TRINITY_DN18274_c0_g1"
"TRINITY_DN19074_c0_g1" 114.473126343588 2.8295485500103 0.708655181045267 3.99284253568387 6.52859247973301e-05 0.0037185077166616 "TRINITY_DN19074_c0_g1"
"TRINITY_DN1925_c0_g1" 35.3203760338794 5.14399459332369 1.16191699261825 4.42716185924115 9.54810853007567e-06 0.0009070131541006 "TRINITY_DN1925_c0_g1"
"TRINITY_DN1938_c2_g1" 5504.50741139441 2.54893679269187 0.781062394839252 3.26342275538238 0.00110075186291025 0.0269090624153849 "TRINITY_DN1938_c2_g1"
"TRINITY_DN19469_c0_g1" 194.929481031092 3.60932036844834 1.00191702445447 3.60241445184902 0.000315275172215657 0.0111874001472052 "TRINITY_DN19469_c0_g1"
"TRINITY_DN19482_c0_g1" 10.2158452388862 4.36961003364688 1.1868148400021 3.68179591825726 0.000231596770478334 0.00908928668119916 "TRINITY_DN19482_c0_g1"
"TRINITY_DN1982_c6_g1" 159.573462585545 5.94730775479261 1.4466472865971 4.11109730056056 3.93783199923583e-05 0.00265604376952506 "TRINITY_DN1982_c6_g1"
"TRINITY_DN1982_c6_g2" 64.9180408464491 6.1870935669869 1.41937057126517 4.35904033255526 1.30634037753342e-05 0.00116162982105288 "TRINITY_DN1982_c6_g2"
"TRINITY_DN2040_c12_g1" 707.238718976966 3.76974489269631 1.10918598986129 3.39865895093727 0.000677171009076922 0.0189839677753851 "TRINITY_DN2040_c12_g1"
"TRINITY_DN20565_c0_g1" 199.161892023758 4.31330136297422 1.3373517584225 3.22525568595509 0.00125860208078924 0.0292445058102494 "TRINITY_DN20565_c0_g1"
"TRINITY_DN2077_c0_g1" 3711.36623492297 2.34725931431387 0.434761338219893 5.39896055137883 6.70281090413121e-08 1.71798199481271e-05 "TRINITY_DN2077_c0_g1"
"TRINITY_DN2128_c0_g1" 9851.42799339943 2.67555386984881 0.512202628534468 5.22362385664478 1.75455011278363e-07 3.60874134308337e-05 "TRINITY_DN2128_c0_g1"
"TRINITY_DN213518_c0_g1" 10.6411198271683 2.38367784925681 0.780066250825988 3.05573769757737 0.00224507568814947 0.0435678054333956 "TRINITY_DN213518_c0_g1"
"TRINITY_DN21683_c0_g2" 28.0178289400345 29.5169275942085 4.91688541485241 6.00317581228289 1.93494898321436e-09 8.48322370009245e-07 "TRINITY_DN21683_c0_g2"
"TRINITY_DN2187_c2_g1" 149.133777286246 2.28701059204507 0.763386465242328 2.99587521678039 0.00273658393073087 0.0495559655282352 "TRINITY_DN2187_c2_g1"
"TRINITY_DN22054_c0_g2" 14.5867532930862 4.18616874254395 1.30354471187792 3.21137334561638 0.00132102187607553 0.0302726608740281 "TRINITY_DN22054_c0_g2"
"TRINITY_DN2217_c2_g1" 75.0843459909801 4.67627111168764 1.2425473636659 3.76345501864105 0.000167581881347642 0.00728008903064331 "TRINITY_DN2217_c2_g1"
"TRINITY_DN226153_c0_g1" 325.834643601016 10.9633071870746 2.73306514294055 4.01135963238659 6.03700665155703e-05 0.00350440873919652 "TRINITY_DN226153_c0_g1"
"TRINITY_DN228458_c0_g1" 14.9598712375139 5.35796573589951 1.68632790775519 3.17729767221368 0.00148654372741561 0.0328459131283078 "TRINITY_DN228458_c0_g1"
"TRINITY_DN2324_c1_g1" 85.3822963130443 2.52944081796211 0.633973495540242 3.98982108204168 6.61231542203736e-05 0.00375336200787538 "TRINITY_DN2324_c1_g1"
"TRINITY_DN23295_c0_g1" 51.7856101785463 23.4661426441503 3.42403474412352 6.85335996792203 7.21352625205877e-12 6.00886736796495e-09 "TRINITY_DN23295_c0_g1"
"TRINITY_DN23326_c0_g1" 42.9146468681106 3.99165278938894 0.856908375901764 4.65820255892392 3.18982269538088e-06 0.000372929446351196 "TRINITY_DN23326_c0_g1"
"TRINITY_DN2354_c1_g2" 13.9597537102724 2.726119671343 0.658337473411699 4.14091523184218 3.45922791005504e-05 0.0024163831019504 "TRINITY_DN2354_c1_g2"
"TRINITY_DN2365_c1_g1" 11610.1654258001 2.62430371318192 0.434375761330492 6.04155191611908 1.52638876212181e-09 6.96702377450669e-07 "TRINITY_DN2365_c1_g1"
"TRINITY_DN2413_c0_g2" 56.8656739754225 4.81585581619488 0.988304175981353 4.87284778637396 1.10000974681675e-06 0.000162899221173041 "TRINITY_DN2413_c0_g2"
"TRINITY_DN2570_c1_g1" 40.3471527332135 3.44987840309681 0.979452145192238 3.52225314940701 0.000427895331117829 0.0138153802643857 "TRINITY_DN2570_c1_g1"
"TRINITY_DN26096_c0_g1" 180.606768017438 2.9802411870879 0.712592481537227 4.18225179791237 2.88636044679346e-05 0.00211370395795952 "TRINITY_DN26096_c0_g1"
"TRINITY_DN26152_c1_g2" 47.8775247224483 2.21723279850238 0.579490021817955 3.82617942505129 0.00013014744444746 0.00613368154029615 "TRINITY_DN26152_c1_g2"
"TRINITY_DN26257_c0_g1" 10.5063381966208 4.28953097572707 1.15269717062121 3.72129912786666 0.000198200491837179 0.00829653315077236 "TRINITY_DN26257_c0_g1"
"TRINITY_DN27235_c0_g1" 19.0093839163459 4.71503915606206 1.46003955409482 3.22939138384181 0.00124053993912888 0.0289662163782581 "TRINITY_DN27235_c0_g1"
"TRINITY_DN27944_c0_g1" 12.9215781252816 15.5386379412678 4.97811349220645 3.12139085731864 0.00179998955915925 0.0374847825694914 "TRINITY_DN27944_c0_g1"
"TRINITY_DN2830_c0_g2" 19.2767884686421 2.82331654822673 0.788524721116422 3.58050479917659 0.000342931044294677 0.0118901793921942 "TRINITY_DN2830_c0_g2"
"TRINITY_DN2866_c1_g1" 137.952403746503 3.87251606578576 1.19614307292074 3.23750239704172 0.00120580926627616 0.0284606347078308 "TRINITY_DN2866_c1_g1"
"TRINITY_DN2866_c1_g2" 2003.53615799114 3.55641413663868 1.11028166694433 3.20316388401377 0.00135926605498603 0.0309786217182862 "TRINITY_DN2866_c1_g2"
"TRINITY_DN298_c4_g1" 762.657628826328 2.14161633200704 0.714456747396248 2.99754511355922 0.00272163573266317 0.0493657608123772 "TRINITY_DN298_c4_g1"
"TRINITY_DN2987_c0_g1" 147.578901343547 2.72867510370228 0.734842391593701 3.71327938469148 0.000204590815814482 0.0084272319170762 "TRINITY_DN2987_c0_g1"
"TRINITY_DN30617_c0_g1" 29.1990867106933 3.50656291626852 1.09858104209811 3.19190190062953 0.00141339327085133 0.0318419633433174 "TRINITY_DN30617_c0_g1"
"TRINITY_DN3076_c4_g1" 11.4436900709881 2.29943580143762 0.720746211085619 3.19035433842117 0.00142098452207293 0.0319266380819084 "TRINITY_DN3076_c4_g1"
"TRINITY_DN31293_c0_g1" 1400.77506255611 2.17351882363084 0.693445615933313 3.13437531897219 0.00172220424048348 0.0363418906224887 "TRINITY_DN31293_c0_g1"
"TRINITY_DN31428_c0_g1" 96.4943135400457 5.20921512953094 1.64283874644636 3.17086210731213 0.00151987271899362 0.0334271676546979 "TRINITY_DN31428_c0_g1"
"TRINITY_DN31468_c0_g1" 1725.44414081157 2.94075771786661 0.846598627955416 3.4736150293188 0.000513497204336491 0.0155968339548695 "TRINITY_DN31468_c0_g1"
"TRINITY_DN3147_c0_g4" 135.084279392736 2.11018208046651 0.663317547057761 3.18125472456823 0.00146638634309342 0.0325299553607675 "TRINITY_DN3147_c0_g4"
"TRINITY_DN31791_c0_g1" 143.63149936325 3.10651772897236 0.942639855628567 3.29555101073133 0.000982288683495844 0.0247204372613909 "TRINITY_DN31791_c0_g1"
"TRINITY_DN3199_c0_g1" 156.929191514871 4.33244690904547 0.910751692222503 4.75700121783251 1.96489984534353e-06 0.000254748882672554 "TRINITY_DN3199_c0_g1"
"TRINITY_DN3329_c0_g3" 74.7847506982187 3.15430479251039 0.759792547410905 4.15153426189702 3.30253811255136e-05 0.00233451501792525 "TRINITY_DN3329_c0_g3"
"TRINITY_DN3385_c0_g2" 53.7449809960005 2.02339259568453 0.606416584746836 3.33663795908426 0.00084798331123589 0.0223711828427394 "TRINITY_DN3385_c0_g2"
"TRINITY_DN341_c4_g1" 672.229489912187 2.03741051058027 0.552756954946991 3.685906603881 0.000227889920130409 0.00903174410749768 "TRINITY_DN341_c4_g1"
"TRINITY_DN3414_c3_g1" 13.2297279683555 3.146492476638 1.03553130970664 3.03852954241372 0.00237735793930127 0.0453685948095753 "TRINITY_DN3414_c3_g1"
"TRINITY_DN342_c0_g2" 373.103047903675 2.09498281305751 0.580053704641921 3.61170490989413 0.000304190589400228 0.0109456052255028 "TRINITY_DN342_c0_g2"
"TRINITY_DN3450_c3_g1" 27.034515860136 3.12408617007934 0.924513167315788 3.37916892968625 0.000727053178942126 0.0200874062374392 "TRINITY_DN3450_c3_g1"
"TRINITY_DN34570_c0_g1" 12.4127021196444 3.43487529027012 1.1026492489611 3.11511144047522 0.00183875426780251 0.0380778696104285 "TRINITY_DN34570_c0_g1"
"TRINITY_DN34997_c2_g3" 127.748492585579 2.08241573281068 0.684685432691485 3.04141965548287 0.00235465397293249 0.0451161991823523 "TRINITY_DN34997_c2_g3"
"TRINITY_DN381_c17_g2" 228.730671017691 2.81879638773204 0.79145012715648 3.56155908125178 0.000368659125824635 0.0124834573907285 "TRINITY_DN381_c17_g2"
"TRINITY_DN38336_c1_g1" 21.7654551027604 2.35487217713369 0.762675669560448 3.08764560234479 0.00201748911672593 0.0408400591551082 "TRINITY_DN38336_c1_g1"
"TRINITY_DN3926_c0_g2" 20.3915429968594 4.26997595786938 1.16740197478933 3.65767409177112 0.000254514383479156 0.00972836105037089 "TRINITY_DN3926_c0_g2"
"TRINITY_DN39280_c0_g1" 13.9825542960405 3.5695040451884 1.10594223755363 3.22756824360395 0.00124847256964174 0.0290699552903305 "TRINITY_DN39280_c0_g1"
"TRINITY_DN394_c0_g2" 3905.18317780145 4.94509484883324 1.08383350654182 4.56259639417453 5.05248839014188e-06 0.000539579849870281 "TRINITY_DN394_c0_g2"
"TRINITY_DN3999_c9_g1" 352.695552479596 2.06924317860561 0.490952280992598 4.21475418022716 2.5005039359683e-05 0.00190384318742846 "TRINITY_DN3999_c9_g1"
"TRINITY_DN414_c1_g1" 713.543804162248 2.90174173928225 0.65041456686251 4.46137261851278 8.1436347735047e-06 0.000793409095477125 "TRINITY_DN414_c1_g1"
"TRINITY_DN4203_c0_g1" 89.7143987119823 5.4719576763336 1.04801093108228 5.22127920047808 1.77691403622034e-07 3.61016924919889e-05 "TRINITY_DN4203_c0_g1"
"TRINITY_DN42256_c0_g1" 24.9038530483991 4.00614253330879 1.29843714063015 3.08535731761689 0.00203307744840626 0.0409813312649102 "TRINITY_DN42256_c0_g1"
"TRINITY_DN42377_c0_g1" 28.2515277116637 5.40507441739696 1.35398670468632 3.99197008263767 6.55266411231289e-05 0.00372584928706938 "TRINITY_DN42377_c0_g1"
"TRINITY_DN42591_c0_g2" 22.5595084820564 3.44734651655853 0.824035384308186 4.18349330891019 2.87063542863788e-05 0.0021113024016159 "TRINITY_DN42591_c0_g2"
"TRINITY_DN4280_c0_g1" 13.2208846565339 2.61510429457387 0.80168454960348 3.26201159279834 0.00110624619449563 0.0269642452089205 "TRINITY_DN4280_c0_g1"
"TRINITY_DN4288_c0_g1" 426.116794653001 2.19228522716781 0.695296435217248 3.15302238890786 0.00161589412938498 0.0348263857639764 "TRINITY_DN4288_c0_g1"
"TRINITY_DN4319_c0_g1" 102.976296006664 2.83812187078985 0.890385274533825 3.18752112367962 0.0014349797594572 0.0320693079293872 "TRINITY_DN4319_c0_g1"
"TRINITY_DN4367_c0_g3" 260.049120890947 4.41440855480012 1.11185567523823 3.97030716585969 7.17800315308717e-05 0.00396754980711682 "TRINITY_DN4367_c0_g3"
"TRINITY_DN43947_c0_g1" 9.87134976502504 3.85413787650105 0.99464096948407 3.87490360315665 0.000106666916023948 0.00542617044567625 "TRINITY_DN43947_c0_g1"
"TRINITY_DN43979_c0_g2" 48.7200977450098 2.21373266143673 0.724972023687128 3.05354219074266 0.00226156918098256 0.0438368150729139 "TRINITY_DN43979_c0_g2"
"TRINITY_DN4556_c3_g1" 40.3003500779578 3.34065773439806 1.05019088088535 3.18100051638401 0.00146767368011102 0.0325368509789082 "TRINITY_DN4556_c3_g1"
"TRINITY_DN45648_c0_g1" 13.1144798737785 2.92733663149253 0.934108362309533 3.13382980991076 0.0017254089733275 0.0363864727792864 "TRINITY_DN45648_c0_g1"
"TRINITY_DN46191_c0_g1" 11.2703283094208 4.45342629914715 1.37423890004131 3.24064927794817 0.00119257812185873 0.0283428694866854 "TRINITY_DN46191_c0_g1"
"TRINITY_DN46842_c0_g1" 16.5461704365507 2.61080940474032 0.812740036814771 3.21235485700004 0.00131651651908751 0.0302595737858773 "TRINITY_DN46842_c0_g1"
"TRINITY_DN483_c3_g2" 2630.19334663783 3.05629772368547 0.688987655434835 4.43592522968583 9.16776672445409e-06 0.000875272169796018 "TRINITY_DN483_c3_g2"
"TRINITY_DN48713_c0_g1" 931.458117584455 2.10318591294014 0.519990722294181 4.04466045790385 5.23990104195072e-05 0.00321683454172865 "TRINITY_DN48713_c0_g1"
"TRINITY_DN49626_c1_g1" 11.1738390722987 5.15664473094241 1.69408176173175 3.04391726977281 0.00233519348056008 0.0447948455798859 "TRINITY_DN49626_c1_g1"
"TRINITY_DN5063_c0_g1" 385.300530543629 3.23953640059924 0.92546583633561 3.50043866927192 0.00046449310738838 0.0146291398054313 "TRINITY_DN5063_c0_g1"
"TRINITY_DN51092_c0_g2" 27.6956395489341 2.39788713560867 0.580585461804121 4.13011915275563 3.62575268698727e-05 0.0024960760233557 "TRINITY_DN51092_c0_g2"
"TRINITY_DN5139_c1_g1" 16.3932333415016 2.18430991664794 0.689847191694808 3.16636777382765 0.00154355503457323 0.0337475418320078 "TRINITY_DN5139_c1_g1"
"TRINITY_DN5247_c0_g1" 369.760725953832 2.15924940082892 0.662576731818684 3.25886693138479 0.00111858121027548 0.0271062734010029 "TRINITY_DN5247_c0_g1"
"TRINITY_DN5274_c0_g1" 162.638121823026 3.47160193778759 1.08790789667287 3.19108074167376 0.00141741663007729 0.0318885447753513 "TRINITY_DN5274_c0_g1"
"TRINITY_DN5275_c0_g1" 208.379671742838 3.71310195688245 0.646521092269221 5.74320312404636 9.2902172412768e-09 3.19123751009632e-06 "TRINITY_DN5275_c0_g1"
"TRINITY_DN55089_c0_g1" 17.0978686773352 2.51635352469981 0.797055581830708 3.15706154258421 0.00159367707311237 0.0344366537458522 "TRINITY_DN55089_c0_g1"
"TRINITY_DN5530_c0_g1" 302.75105836894 4.82319488726155 1.16011255029796 4.15752323860541 3.21716558064082e-05 0.00229541664126236 "TRINITY_DN5530_c0_g1"
"TRINITY_DN598_c2_g2" 12.4182282080672 3.66023192023102 1.1430754253728 3.20209133971826 0.00136433729938985 0.0310517205025066 "TRINITY_DN598_c2_g2"
"TRINITY_DN60099_c0_g1" 29.1648801154061 7.79301817574519 2.1153618817212 3.68401181995596 0.000229591587233807 0.00905871601939944 "TRINITY_DN60099_c0_g1"
"TRINITY_DN60571_c0_g1" 10.7115284845467 3.8217598895773 1.15227911456698 3.31669631191181 0.000910885689335575 0.0235459357398459 "TRINITY_DN60571_c0_g1"
"TRINITY_DN6122_c0_g1" 118.162466441426 2.92848160498303 0.83652350187797 3.50077624646371 0.000463905163277818 0.0146291398054313 "TRINITY_DN6122_c0_g1"
"TRINITY_DN6159_c0_g1" 429.123461942952 3.11478022148851 0.936083834577746 3.32745861688076 0.000876420053319989 0.0229217552406766 "TRINITY_DN6159_c0_g1"
"TRINITY_DN6161_c0_g4" 43.6885710571547 2.0596338791108 0.614093872911717 3.35393979644362 0.000796696947775394 0.0214080179837711 "TRINITY_DN6161_c0_g4"
"TRINITY_DN624_c2_g1" 236.617163540515 4.59868724967111 0.923943584253474 4.97723814315649 6.44979494394105e-07 0.000104798980066567 "TRINITY_DN624_c2_g1"
"TRINITY_DN6247_c0_g1" 22.166644392843 2.38080808162086 0.638876357228471 3.72655531024675 0.000194114490791374 0.00817685819616759 "TRINITY_DN6247_c0_g1"
"TRINITY_DN64334_c1_g1" 5593.31483031852 4.62849391622913 1.25642574808409 3.68385789871551 0.000229730343229067 0.00905871601939944 "TRINITY_DN64334_c1_g1"
"TRINITY_DN654_c0_g1" 510.175340393347 2.29311123596464 0.32162128730481 7.12984906932294 1.00479045453427e-12 1.19570064089578e-09 "TRINITY_DN654_c0_g1"
"TRINITY_DN665_c2_g1" 141.741122929155 4.5388474180934 0.79128608366118 5.73603847181633 9.69166558847463e-09 3.29516630008137e-06 "TRINITY_DN665_c2_g1"
"TRINITY_DN6659_c0_g1" 83.8222799650567 2.10928807830494 0.593653527036136 3.55306248888258 0.000380774002287917 0.0127907187220666 "TRINITY_DN6659_c0_g1"
"TRINITY_DN6807_c0_g1" 109.323118981536 3.35237617991569 1.01483536817791 3.30336947748945 0.000955304291505418 0.0242289758439899 "TRINITY_DN6807_c0_g1"
"TRINITY_DN68101_c0_g1" 11.2014556139865 4.21309406016444 1.33184889055985 3.16334239569284 0.00155968775602904 0.0339665333535212 "TRINITY_DN68101_c0_g1"
"TRINITY_DN68447_c1_g1" 87.1704266591482 2.93363629052207 0.952720697559638 3.07921964751735 0.00207543604253454 0.0414838205982309 "TRINITY_DN68447_c1_g1"
"TRINITY_DN703_c1_g1" 3771.15233522292 3.40467360637199 0.968066145507688 3.51698447690933 0.000436479307341121 0.0140245810227639 "TRINITY_DN703_c1_g1"
"TRINITY_DN71047_c0_g1" 652.96771419891 5.54287642514874 1.78443633751177 3.10623377737183 0.00189486845861708 0.0388057879785625 "TRINITY_DN71047_c0_g1"
"TRINITY_DN724_c0_g2" 444.235526488965 2.69153647568114 0.896953328610952 3.00075420852647 0.00269311854538317 0.0491158784521988 "TRINITY_DN724_c0_g2"
"TRINITY_DN7284_c0_g1" 100.958951609283 2.83542760590758 0.671619007013861 4.22177987266085 2.42380758930802e-05 0.00185658089369525 "TRINITY_DN7284_c0_g1"
"TRINITY_DN73137_c0_g1" 21.6302807513324 3.34415394355175 1.05789653153973 3.16113518085218 0.00157155545270343 0.0341247316981675 "TRINITY_DN73137_c0_g1"
"TRINITY_DN7325_c2_g1" 619.23329425397 2.450892642638 0.550608021374979 4.45124761625816 8.53728299151818e-06 0.000824528316746046 "TRINITY_DN7325_c2_g1"
"TRINITY_DN7334_c0_g2" 80.9614412145486 2.09425415657598 0.49691773853384 4.21448862492834 2.50344768867967e-05 0.00190384318742846 "TRINITY_DN7334_c0_g2"
"TRINITY_DN75304_c1_g1" 188.407438829539 2.64802016984991 0.825384274616419 3.20822706621171 0.00133556007647958 0.0305428014744677 "TRINITY_DN75304_c1_g1"
"TRINITY_DN76616_c0_g1" 28.3055585659808 15.894633320165 4.97854720038605 3.1926248121003 0.0014098600038224 0.0318053725980787 "TRINITY_DN76616_c0_g1"
"TRINITY_DN79473_c0_g1" 12.6612319053293 3.89191347865288 1.242247964064 3.13296023921064 0.00173052882965149 0.0364252814933592 "TRINITY_DN79473_c0_g1"
"TRINITY_DN7994_c0_g1" 22.6676737678476 2.82065112264559 0.757319017757673 3.72452170948669 0.00019568587288517 0.00822226139285482 "TRINITY_DN7994_c0_g1"
"TRINITY_DN8022_c0_g1" 35.0777553354587 4.7226927426413 1.21571484020705 3.88470436195133 0.000102454482527936 0.00527632667361796 "TRINITY_DN8022_c0_g1"
"TRINITY_DN8036_c0_g1" 49.9272547258177 2.97860852316571 0.658206725056147 4.52533893954309 6.02987884791531e-06 0.000633803038525357 "TRINITY_DN8036_c0_g1"
"TRINITY_DN8096_c0_g1" 14.8348293853287 2.22998687526546 0.641792258325759 3.47462414252678 0.000511569590506191 0.0155666655302889 "TRINITY_DN8096_c0_g1"
"TRINITY_DN81573_c0_g1" 9.94919014676536 3.12171892851457 1.04085329655899 2.9991920464054 0.00270696620439237 0.0492013364875527 "TRINITY_DN81573_c0_g1"
"TRINITY_DN829_c4_g1" 31.1071540155788 4.12567545387511 1.05868961068277 3.89696414534037 9.74060331819562e-05 0.00507913775527822 "TRINITY_DN829_c4_g1"
"TRINITY_DN8292_c0_g1" 26.646863282783 3.7652773426084 1.18844397241471 3.16824135592865 0.00153364142711069 0.0336008677286477 "TRINITY_DN8292_c0_g1"
"TRINITY_DN8330_c1_g1" 34.6719032808279 3.66343323405285 0.892628011899776 4.10409844326528 4.05894612158972e-05 0.00271574467412388 "TRINITY_DN8330_c1_g1"
"TRINITY_DN8398_c1_g2" 265.500862008797 3.00727449404975 0.4161881461783 7.22575720059406 4.98317372532576e-13 6.47561477397624e-10 "TRINITY_DN8398_c1_g2"
"TRINITY_DN8430_c0_g2" 16.1970983671142 4.10461485386182 1.2197675731152 3.36507949902203 0.000765216076187735 0.0207630290379278 "TRINITY_DN8430_c0_g2"
"TRINITY_DN8440_c0_g1" 1390.3853234759 2.91538786100804 0.865784296433281 3.3673374222868 0.000758977625264219 0.0206610575766371 "TRINITY_DN8440_c0_g1"
"TRINITY_DN84872_c0_g1" 46.1750779250652 2.23871023533217 0.691813683648577 3.23600166959023 0.00121216675160899 0.0285437428718104 "TRINITY_DN84872_c0_g1"
"TRINITY_DN8547_c0_g2" 11.0682091211791 3.46320083034087 0.974831294605507 3.55261556487305 0.000381421438339549 0.0127907187220666 "TRINITY_DN8547_c0_g2"
"TRINITY_DN8578_c3_g1" 39.7910900815436 2.41419655307045 0.707249971308744 3.41349826936445 0.000641345658746158 0.0182968223580283 "TRINITY_DN8578_c3_g1"
"TRINITY_DN86506_c1_g1" 13.8071167625263 3.92883245693762 1.2962039937147 3.03102943362969 0.00243721488177702 0.0459841448815461 "TRINITY_DN86506_c1_g1"
"TRINITY_DN87970_c0_g1" 1742.86578186216 3.03475826932818 0.990859653638688 3.0627528915763 0.00219311078514387 0.0428840677001136 "TRINITY_DN87970_c0_g1"
"TRINITY_DN8833_c0_g1" 15.8259274659752 3.33139718115002 1.09627451783424 3.0388348237186 0.00237495029780247 0.0453486211591852 "TRINITY_DN8833_c0_g1"
"TRINITY_DN918_c8_g1" 12.5261770980087 3.86133023424887 1.09384741813525 3.53004465726263 0.000415489529850018 0.0135593644805119 "TRINITY_DN918_c8_g1"
"TRINITY_DN9431_c0_g2" 38.7808297897571 3.05443464395378 0.998162612958105 3.06005715331474 0.00221294757346915 0.0431706165971851 "TRINITY_DN9431_c0_g2"
"TRINITY_DN953_c0_g1" 3091.06321250574 2.70682652132299 0.681711944529646 3.97063091389808 7.16825544437538e-05 0.00396754980711682 "TRINITY_DN953_c0_g1"
"TRINITY_DN954_c0_g2" 148.162194791927 3.20856221147336 0.987922092230701 3.24778870389316 0.00116305605248189 0.027940178564309 "TRINITY_DN954_c0_g2"
"TRINITY_DN95847_c0_g1" 17.1260421609946 4.9278416705432 1.52279043047406 3.23606030871176 0.00121191776036704 0.0285437428718104 "TRINITY_DN95847_c0_g1"
"TRINITY_DN967_c3_g1" 76.3767664849595 3.60470079150071 1.19952617362386 3.00510390749594 0.00265490135504001 0.0487391946699419 "TRINITY_DN967_c3_g1"
"TRINITY_DN9677_c0_g1" 36.3148901835934 2.03106770490016 0.591399164116555 3.43434321205748 0.000593991587515055 0.0173308228511398 "TRINITY_DN9677_c0_g1"
