"baseMean" "log2FoldChange" "lfcSE" "stat" "pvalue" "padj" "trin_geneid"
"TRINITY_DN10062_c0_g1" 534.670258618716 -6.86491884974605 1.71849449289365 -3.99472845454785 6.47684425118944e-05 0.00422725757118579 "TRINITY_DN10062_c0_g1"
"TRINITY_DN10064_c0_g1" 18.666737029914 -8.14013504273365 2.02679739313353 -4.0162549400898 5.913028931877e-05 0.00402474703427278 "TRINITY_DN10064_c0_g1"
"TRINITY_DN10107_c0_g1" 129.606987052254 -6.20755620314279 1.50251011460091 -4.13145718143244 3.60470843908524e-05 0.00286071777697215 "TRINITY_DN10107_c0_g1"
"TRINITY_DN10163_c0_g2" 182.674686892429 -4.41324363238521 1.32244821406604 -3.33717690072424 0.000846340612495836 0.02647787098019 "TRINITY_DN10163_c0_g2"
"TRINITY_DN102287_c0_g1" 8.54202001813633 -4.31817028506926 1.39770824822962 -3.08946469375049 0.00200517537562815 0.0473228889304262 "TRINITY_DN102287_c0_g1"
"TRINITY_DN102788_c0_g1" 14.9132222902633 -7.33565415876914 1.66031069935887 -4.41824181558415 9.95070542747472e-06 0.00106407896598038 "TRINITY_DN102788_c0_g1"
"TRINITY_DN10284_c0_g2" 20.3683148848865 -2.40634537749446 0.739573854141804 -3.2536917902361 0.00113915799775242 0.0326235251663178 "TRINITY_DN10284_c0_g2"
"TRINITY_DN10310_c0_g5" 10.4570428538858 -2.13758501319888 0.589333607174779 -3.62712220578478 0.000286597670285628 0.0125423755013439 "TRINITY_DN10310_c0_g5"
"TRINITY_DN10315_c1_g1" 129.940504427337 -2.68780577870847 0.794831905743045 -3.38160277574135 0.000720642693576397 0.0235935589696418 "TRINITY_DN10315_c1_g1"
"TRINITY_DN1032_c0_g1" 487.02984086611 -3.9909325656514 1.07141310387203 -3.72492416905148 0.000195373943086657 0.00963005288482473 "TRINITY_DN1032_c0_g1"
"TRINITY_DN103315_c1_g1" 7.74722361358207 -6.6280559418143 1.77698873647244 -3.72993694657394 0.000191527694417998 0.00946511863210616 "TRINITY_DN103315_c1_g1"
"TRINITY_DN10359_c0_g2" 192.178054087498 -5.44126310668418 1.14582258829724 -4.74878324293662 2.04644129670798e-06 0.000289059833160003 "TRINITY_DN10359_c0_g2"
"TRINITY_DN10432_c0_g1" 18.0477655060387 -6.27823796777166 1.70223315119062 -3.68823622274092 0.000225813960237589 0.0106150105973147 "TRINITY_DN10432_c0_g1"
"TRINITY_DN10452_c0_g2" 10.9115609480344 -4.00512761023786 1.22469388551105 -3.2703091422446 0.00107430009439134 0.0314035753460882 "TRINITY_DN10452_c0_g2"
"TRINITY_DN10469_c0_g1" 38.8252498008176 -2.43536137948527 0.717461540134774 -3.39441383719021 0.000687756779800247 0.0228778847973096 "TRINITY_DN10469_c0_g1"
"TRINITY_DN10539_c0_g2" 108.217427790617 -5.1155516885921 1.06798121234014 -4.78992666676504 1.66842276583473e-06 0.000242915937694899 "TRINITY_DN10539_c0_g2"
"TRINITY_DN10543_c1_g1" 199.841305870347 -4.31059089603233 1.08175530705192 -3.98481141523574 6.75337377640856e-05 0.00434038988634883 "TRINITY_DN10543_c1_g1"
"TRINITY_DN1060_c0_g1" 285.717328710264 -5.41138506356751 1.64797907798541 -3.28364912871511 0.00102472413465764 0.030376610898563 "TRINITY_DN1060_c0_g1"
"TRINITY_DN1060_c0_g2" 284.571597702469 -4.43425712147086 1.36117989187678 -3.25765694008083 0.00112336121848901 0.0323382805520163 "TRINITY_DN1060_c0_g2"
"TRINITY_DN10679_c3_g1" 16.5365578641813 -3.16220634036066 0.881997010340113 -3.58528011239092 0.000336716604614236 0.0137650184316111 "TRINITY_DN10679_c3_g1"
"TRINITY_DN1069_c10_g1" 312.577164575885 -4.91529007719442 0.884481643009263 -5.55725504994223 2.74050173950963e-08 7.85921919311643e-06 "TRINITY_DN1069_c10_g1"
"TRINITY_DN10699_c0_g1" 324.834949374576 -3.71174229488147 1.02455699236733 -3.62277776886296 0.00029145621244878 0.0126526088557896 "TRINITY_DN10699_c0_g1"
"TRINITY_DN10719_c1_g2" 23.7933244077433 -3.37379681733441 1.06954228942538 -3.15443049862666 0.00160811676428807 0.0412434011599763 "TRINITY_DN10719_c1_g2"
"TRINITY_DN10721_c0_g1" 8.95656499160207 -19.3406828369502 2.76223598561433 -7.00182132796622 2.52656167807269e-12 2.33275591032784e-09 "TRINITY_DN10721_c0_g1"
"TRINITY_DN10728_c0_g1" 1375.43836092614 -3.86340584913937 0.557379342844097 -6.93137608836715 4.16766418138479e-12 3.49716210952934e-09 "TRINITY_DN10728_c0_g1"
"TRINITY_DN10750_c0_g1" 17.2464947340141 -3.77442285232057 1.19896309036278 -3.14807259928119 0.00164350869458362 0.041643254105397 "TRINITY_DN10750_c0_g1"
"TRINITY_DN10771_c1_g2" 56.8554558384396 -4.58807373160521 1.26504909226129 -3.62679500714392 0.000286960929643964 0.0125437713529703 "TRINITY_DN10771_c1_g2"
"TRINITY_DN10775_c0_g1" 91.4224602786136 -3.66169032654562 1.19037049392883 -3.07609298552098 0.00209732427488031 0.0489697475622809 "TRINITY_DN10775_c0_g1"
"TRINITY_DN107951_c0_g1" 9.04315533819794 -3.11374724554615 0.972549778090424 -3.20163277571243 0.00136651082007932 0.0368704683493248 "TRINITY_DN107951_c0_g1"
"TRINITY_DN10974_c0_g1" 863.578781472497 -2.21544341533212 0.683831407031627 -3.23975089846913 0.00119634163633685 0.0337232981297634 "TRINITY_DN10974_c0_g1"
"TRINITY_DN10975_c1_g1" 18.7525283027177 -3.67210963555728 1.07846559847114 -3.40493905485994 0.000661788215258132 0.0222932276135629 "TRINITY_DN10975_c1_g1"
"TRINITY_DN11039_c0_g1" 46.1568530957132 -5.12935417899071 1.31378270471944 -3.90426374206691 9.45126686580458e-05 0.0056610396709657 "TRINITY_DN11039_c0_g1"
"TRINITY_DN11083_c0_g1" 220.586741909093 -2.93959812956963 0.715208862189524 -4.11012542625718 3.95444263247857e-05 0.00303641837428958 "TRINITY_DN11083_c0_g1"
"TRINITY_DN111462_c0_g1" 8.27646490337579 -21.5610177560007 2.6789350997459 -8.04835389929595 8.39150032622673e-16 1.17651942536783e-12 "TRINITY_DN111462_c0_g1"
"TRINITY_DN1118_c1_g2" 21.4013636547471 -2.09344316710867 0.640956320192848 -3.26612454102769 0.00109030286289425 0.0316913528052985 "TRINITY_DN1118_c1_g2"
"TRINITY_DN11190_c0_g1" 57.4423242488869 -4.08768620353023 1.27172852019838 -3.21427579755197 0.00130773997603127 0.0357696760159258 "TRINITY_DN11190_c0_g1"
"TRINITY_DN11203_c0_g1" 45.807937585922 -4.36438041541747 1.14035139707479 -3.82722415793315 0.000129596486898475 0.00704867099359449 "TRINITY_DN11203_c0_g1"
"TRINITY_DN11243_c0_g1" 934.134418682846 -5.05152435489579 1.04988079353843 -4.81152182798826 1.49785371897734e-06 0.000225121957196203 "TRINITY_DN11243_c0_g1"
"TRINITY_DN11344_c1_g1" 14.4346808172886 -16.4818272055564 2.07881133765962 -7.92848629742034 2.21833129993795e-15 2.99910469139825e-12 "TRINITY_DN11344_c1_g1"
"TRINITY_DN11361_c0_g1" 4428.63198786591 -4.46661080189519 1.3091340782321 -3.41188185088501 0.000645160699124456 0.0218448642802829 "TRINITY_DN11361_c0_g1"
"TRINITY_DN114212_c0_g1" 9.2289085502635 -6.24623391924198 1.33773279093273 -4.6692687520105 3.02273734818079e-06 0.000401857551391902 "TRINITY_DN114212_c0_g1"
"TRINITY_DN114234_c0_g1" 577.494288572391 -5.47817536594785 1.27927501728404 -4.28224993995292 1.85012995804843e-05 0.00169580313709257 "TRINITY_DN114234_c0_g1"
"TRINITY_DN11457_c0_g1" 27.5736237916804 -2.49822224859854 0.667274862854504 -3.74391781808102 0.000181172932985427 0.00908384288498456 "TRINITY_DN11457_c0_g1"
"TRINITY_DN11493_c0_g1" 33.8021672512215 -2.65009837715867 0.689566878382435 -3.84313466936693 0.000121472768874941 0.00669337942614396 "TRINITY_DN11493_c0_g1"
"TRINITY_DN11519_c0_g1" 534.384899022616 -3.13273895464913 0.593781102116542 -5.27591555790919 1.32094907463357e-07 3.09434091692951e-05 "TRINITY_DN11519_c0_g1"
"TRINITY_DN11601_c0_g1" 398.611432953039 -7.75248928561603 1.43025942960764 -5.42033782482576 5.94865153837994e-08 1.56379308323175e-05 "TRINITY_DN11601_c0_g1"
"TRINITY_DN11605_c0_g1" 250.117021427228 -5.16699342885837 1.33551911844676 -3.86890262931444 0.000109326287513657 0.00628004038517375 "TRINITY_DN11605_c0_g1"
"TRINITY_DN11616_c0_g1" 24.4811678981811 -2.3599395537167 0.672270618677383 -3.5104011511906 0.000447431129675198 0.016903698017819 "TRINITY_DN11616_c0_g1"
"TRINITY_DN116406_c0_g1" 13.2358576765558 -4.36383705282429 1.36975668351729 -3.18584833739868 0.00144330236919162 0.0382094634205186 "TRINITY_DN116406_c0_g1"
"TRINITY_DN11751_c0_g1" 410.960736713737 -4.70953462978519 0.784257214356039 -6.00508932984726 1.91226590777188e-09 7.95481603722027e-07 "TRINITY_DN11751_c0_g1"
"TRINITY_DN11796_c0_g1" 19.0117289457541 -2.58284364738078 0.710056871085569 -3.6375165885403 0.000275279467922882 0.0121876219012151 "TRINITY_DN11796_c0_g1"
"TRINITY_DN1180_c0_g2" 83.5204734683169 -4.14520220267995 1.16169608586306 -3.56823290800739 0.000359396965194835 0.0144426455599262 "TRINITY_DN1180_c0_g2"
"TRINITY_DN118053_c0_g1" 15.6559179913991 -2.01549987097187 0.648393198480522 -3.10845313568233 0.00188069470200082 0.0453752058280696 "TRINITY_DN118053_c0_g1"
"TRINITY_DN11897_c0_g1" 68.9010561359399 -4.42327194763758 1.26807472052067 -3.48817926582544 0.000486321899027787 0.0177699956444951 "TRINITY_DN11897_c0_g1"
"TRINITY_DN11951_c0_g1" 71.3164312930073 -4.55906901333097 1.24867074682419 -3.65113783992 0.000261081063147239 0.0117238714655264 "TRINITY_DN11951_c0_g1"
"TRINITY_DN12029_c3_g1" 121.129454061295 -2.53512458460489 0.620163845086981 -4.08783034465565 4.35426389345172e-05 0.00325719554234017 "TRINITY_DN12029_c3_g1"
"TRINITY_DN1204_c1_g1" 14.5346560207223 -2.04050879841134 0.635191629794494 -3.21243023789769 0.00131617109086047 0.0359478042168277 "TRINITY_DN1204_c1_g1"
"TRINITY_DN1206_c0_g1" 504.074174370885 -2.85839422386119 0.876242119233587 -3.26210548559491 0.00110587983882372 0.0319512821036301 "TRINITY_DN1206_c0_g1"
"TRINITY_DN12099_c0_g1" 131.586314549564 -4.19506674130372 1.14852183580256 -3.65257900244647 0.000259619684706714 0.0116720940196825 "TRINITY_DN12099_c0_g1"
"TRINITY_DN121005_c0_g1" 7.84555139577454 -17.0250572300565 3.08625073657269 -5.51642062918159 3.45973631832777e-08 9.84724197972164e-06 "TRINITY_DN121005_c0_g1"
"TRINITY_DN121100_c3_g1" 136.594658328312 -6.10932008310665 1.51141838903096 -4.04211046222856 5.29722662185585e-05 0.00370883993416161 "TRINITY_DN121100_c3_g1"
"TRINITY_DN12135_c0_g1" 1110.6110991745 -6.54881408659549 0.957562898255424 -6.83904326131132 7.97238097535786e-12 5.91753885925827e-09 "TRINITY_DN12135_c0_g1"
"TRINITY_DN12165_c0_g1" 32.4977327937832 -5.07490271930112 1.16604880412026 -4.35222153769966 1.34764982624365e-05 0.00134250747822246 "TRINITY_DN12165_c0_g1"
"TRINITY_DN12173_c0_g1" 268.216121415727 -4.99002674376372 1.06811257294773 -4.67181725049119 2.98546531632012e-06 0.000400761665068433 "TRINITY_DN12173_c0_g1"
"TRINITY_DN12192_c0_g1" 18.6358960057636 -2.96966759860345 0.863631119312094 -3.43858336296273 0.000584766460853952 0.0201605959705158 "TRINITY_DN12192_c0_g1"
"TRINITY_DN12282_c0_g1" 20.993877314319 -3.79550320275848 0.971645637400569 -3.90626279444072 9.37345692917178e-05 0.00564121163837516 "TRINITY_DN12282_c0_g1"
"TRINITY_DN123840_c0_g2" 5501.79878869234 -3.92818722078179 1.04291628668047 -3.76654125642715 0.00016552474175319 0.00846053590354363 "TRINITY_DN123840_c0_g2"
"TRINITY_DN1240_c1_g1" 38.7621819288066 -3.6105569992434 0.93699004036836 -3.85335685940053 0.000116509387847367 0.00652435336828709 "TRINITY_DN1240_c1_g1"
"TRINITY_DN124028_c0_g1" 15.8899600901147 -3.26948502637018 0.926397299147172 -3.52924714847508 0.000416743734597846 0.0161472201363372 "TRINITY_DN124028_c0_g1"
"TRINITY_DN12465_c0_g2" 436.609475652595 -2.26082875359764 0.645886491034713 -3.50034996083566 0.000464647722479339 0.0173650357769088 "TRINITY_DN12465_c0_g2"
"TRINITY_DN12528_c0_g1" 317.098268225631 -7.68323703205959 1.40985186221428 -5.44967683341743 5.04614280418454e-08 1.36444097037433e-05 "TRINITY_DN12528_c0_g1"
"TRINITY_DN12559_c0_g1" 119.291765744094 -6.01025974057715 1.47913016157392 -4.06337447286027 4.83683386839822e-05 0.00349761122985776 "TRINITY_DN12559_c0_g1"
"TRINITY_DN126_c1_g1" 470.338318154941 -4.62852059524639 1.16740316564266 -3.96480044895061 7.34573721057927e-05 0.00463663599375871 "TRINITY_DN126_c1_g1"
"TRINITY_DN12671_c0_g1" 1110.54836552202 -3.09655277073408 0.699049620002443 -4.42966090264559 9.4381373437304e-06 0.00102370341992959 "TRINITY_DN12671_c0_g1"
"TRINITY_DN12672_c0_g1" 337.94804534561 -2.02805713048685 0.656371789891166 -3.0897993511012 0.00200291754863136 0.0472990915804367 "TRINITY_DN12672_c0_g1"
"TRINITY_DN1268_c3_g2" 3091.23835862959 -2.40521560187108 0.351514123506668 -6.84244370575184 7.78535037076691e-12 5.89428876570763e-09 "TRINITY_DN1268_c3_g2"
"TRINITY_DN12685_c0_g1" 33.3283559897958 -4.30636512015101 1.26838337442614 -3.39516049088814 0.000685883819112254 0.0228775024880416 "TRINITY_DN12685_c0_g1"
"TRINITY_DN12688_c0_g1" 320.256365275961 -3.09261963803727 0.594086306347123 -5.20567399887224 1.9329372954666e-07 4.13397408586938e-05 "TRINITY_DN12688_c0_g1"
"TRINITY_DN12737_c0_g1" 43.4359474456281 -2.73872940321033 0.759091136339371 -3.60790591814512 0.000308678374571556 0.01298751976094 "TRINITY_DN12737_c0_g1"
"TRINITY_DN1278_c2_g1" 947.734360779762 -2.49873608372329 0.428916447914092 -5.82569424855387 5.68756612972971e-09 1.97153671497778e-06 "TRINITY_DN1278_c2_g1"
"TRINITY_DN12902_c0_g1" 104.335610200082 -25.1740918670116 1.464981867577 -17.1838931417275 3.50574198283703e-66 6.63549313801478e-62 "TRINITY_DN12902_c0_g1"
"TRINITY_DN129374_c0_g1" 7.86916676841639 -4.97348040616928 1.27975467348527 -3.88627641626386 0.000101793593382532 0.00596501002708318 "TRINITY_DN129374_c0_g1"
"TRINITY_DN130040_c0_g1" 9.32027200103163 -19.2317837092306 3.42464351243607 -5.61570383585716 1.95763723973358e-08 5.97631917017055e-06 "TRINITY_DN130040_c0_g1"
"TRINITY_DN130329_c0_g1" 17.5170165909728 -6.83902102363681 2.0366101836287 -3.3580412582694 0.000784968956950984 0.0250336982859137 "TRINITY_DN130329_c0_g1"
"TRINITY_DN13109_c0_g4" 27.1517413041701 -4.06528461993479 1.16433444012042 -3.49150938068477 0.000480299599382702 0.0176179664095273 "TRINITY_DN13109_c0_g4"
"TRINITY_DN13127_c0_g1" 62.6572518816631 -2.02562350656821 0.504454480425174 -4.01547331854587 5.93266106227502e-05 0.00402474703427278 "TRINITY_DN13127_c0_g1"
"TRINITY_DN13155_c0_g1" 564.75170465059 -5.80850024235185 1.53160657346983 -3.79242316072904 0.000149184419015183 0.00782185066734038 "TRINITY_DN13155_c0_g1"
"TRINITY_DN131812_c0_g1" 15.8734274525043 -4.01936822181513 1.27864193814738 -3.14346659678532 0.00166959469926229 0.0420871517610947 "TRINITY_DN131812_c0_g1"
"TRINITY_DN1321_c17_g1" 12.7983030418947 -2.76930132107184 0.874698165192739 -3.16600792281487 0.00154546584229379 0.039935076579605 "TRINITY_DN1321_c17_g1"
"TRINITY_DN13236_c0_g1" 52.9916302380851 -3.029046783876 0.871903482726366 -3.47406203081611 0.000512642505732966 0.0185145227627543 "TRINITY_DN13236_c0_g1"
"TRINITY_DN1326_c0_g2" 244.811437153777 -2.28891684377282 0.384502742279662 -5.95292722804046 2.63388433430869e-09 1.01439356384339e-06 "TRINITY_DN1326_c0_g2"
"TRINITY_DN132873_c0_g2" 33.6759094527627 -3.31146948995852 1.04594688814681 -3.16600156995133 0.0015454995955388 0.039935076579605 "TRINITY_DN132873_c0_g2"
"TRINITY_DN1337_c2_g1" 842.416843922445 -2.52884504521962 0.781038771698951 -3.23779706827968 0.00120456458303441 0.0338496725970905 "TRINITY_DN1337_c2_g1"
"TRINITY_DN134_c2_g3" 126.712372801916 -4.23064776624392 0.822774025000149 -5.14193160903829 2.71928110901557e-07 5.57251236447997e-05 "TRINITY_DN134_c2_g3"
"TRINITY_DN13407_c0_g1" 64.8510951208652 -5.09193380677177 1.21348607139702 -4.19612052152335 2.7152579793661e-05 0.0022640108107688 "TRINITY_DN13407_c0_g1"
"TRINITY_DN13428_c0_g1" 40.7911567974832 -2.8364773949022 0.87214857064111 -3.25228692723434 0.00114480392599698 0.0327068321649931 "TRINITY_DN13428_c0_g1"
"TRINITY_DN1348_c0_g1" 442.034681347971 -5.73705522465778 0.93131415995819 -6.16017179950892 7.26660673942605e-10 3.48199238127814e-07 "TRINITY_DN1348_c0_g1"
"TRINITY_DN13814_c1_g1" 76.3728005901802 -2.70880815702195 0.770766301560592 -3.51443511676283 0.000440690313954401 0.0167325294230129 "TRINITY_DN13814_c1_g1"
"TRINITY_DN13848_c0_g1" 27.29160645327 -2.15969196554031 0.651582453745439 -3.31453364516789 0.000917961320108511 0.0281144221462036 "TRINITY_DN13848_c0_g1"
"TRINITY_DN13862_c1_g1" 9.57329288384268 -3.23566464900214 0.957334875170909 -3.37986710076188 0.000725208874854334 0.023686610834867 "TRINITY_DN13862_c1_g1"
"TRINITY_DN139_c1_g1" 767.386132991908 -4.0723241487026 0.944906407813715 -4.3097645597779 1.63428443108126e-05 0.00155441801855732 "TRINITY_DN139_c1_g1"
"TRINITY_DN13979_c1_g1" 17.4874295404549 -23.045856627171 1.63698339730727 -14.0782470152598 5.16757800769956e-45 2.17354072757185e-41 "TRINITY_DN13979_c1_g1"
"TRINITY_DN13986_c0_g1" 11.9569240256952 -16.1761428662663 4.2013878100494 -3.8501903650918 0.000118026054304914 0.00656122252859901 "TRINITY_DN13986_c0_g1"
"TRINITY_DN13996_c0_g1" 27.5296204603394 -4.07002867853285 1.23996500769221 -3.28237381965146 0.00102937043357656 0.0304206180232597 "TRINITY_DN13996_c0_g1"
"TRINITY_DN140307_c0_g1" 96.4583797368776 -3.07574742865813 0.880635121294315 -3.49264678898741 0.000478258656068295 0.0175771664324906 "TRINITY_DN140307_c0_g1"
"TRINITY_DN14059_c0_g1" 8.70636759151622 -3.84515076133905 0.925927573374987 -4.15275543347689 3.28495757599463e-05 0.00264578870296334 "TRINITY_DN14059_c0_g1"
"TRINITY_DN14299_c0_g1" 33.9954502622336 -5.70318468326607 1.6745577659059 -3.40578557478473 0.00065973973853452 0.0222588661338897 "TRINITY_DN14299_c0_g1"
"TRINITY_DN14494_c0_g1" 10.357681394842 -32.9257857434683 4.84213033345136 -6.79985532731408 1.04724262767818e-11 7.62372493668415e-09 "TRINITY_DN14494_c0_g1"
"TRINITY_DN14554_c0_g2" 20.6996287643678 -4.15201775803388 1.34236837055423 -3.09305392551794 0.00198108133226826 0.0469004589324673 "TRINITY_DN14554_c0_g2"
"TRINITY_DN14581_c0_g1" 69.7897795513743 -4.72739183021117 1.16841118341461 -4.04600015586607 5.21001980362618e-05 0.00367957648631099 "TRINITY_DN14581_c0_g1"
"TRINITY_DN146616_c0_g1" 11.9314776020326 -17.8269850774735 2.31339485130833 -7.70598459116977 1.29838296019102e-14 1.58549312767842e-11 "TRINITY_DN146616_c0_g1"
"TRINITY_DN14704_c0_g1" 47151.9847927548 -15.6793712346871 0.996729448108524 -15.7308196968009 9.29992948884311e-56 8.8012207700039e-52 "TRINITY_DN14704_c0_g1"
"TRINITY_DN1471_c1_g1" 480.915357647894 -3.65512212941526 1.13700974154248 -3.21467969522995 0.00130590150053543 0.0357696760159258 "TRINITY_DN1471_c1_g1"
"TRINITY_DN14722_c1_g1" 18.9846924903409 -4.54964937827901 1.44844076662522 -3.1410669204509 0.00168333563973061 0.0423125303067744 "TRINITY_DN14722_c1_g1"
"TRINITY_DN1474_c3_g1" 861.243996804249 -2.4120153527631 0.665393631871681 -3.62494505091423 0.000289022897721029 0.0125902897505519 "TRINITY_DN1474_c3_g1"
"TRINITY_DN1475_c0_g1" 690.986984700007 -3.803456703747 0.675148312400896 -5.63351286507925 1.76575338766056e-08 5.47890118769594e-06 "TRINITY_DN1475_c0_g1"
"TRINITY_DN1477_c0_g3" 62.6312958425092 -6.29220158490172 1.94842968511712 -3.22937062238584 0.00124063001130304 0.0344545214237976 "TRINITY_DN1477_c0_g3"
"TRINITY_DN14791_c1_g1" 653.802348529103 -2.32159104150921 0.652397908413115 -3.55855071202821 0.000372906797708212 0.0147724251799277 "TRINITY_DN14791_c1_g1"
"TRINITY_DN148_c0_g1" 205.509929715279 -5.27822576701049 1.09132307090824 -4.83653824217034 1.32119863575489e-06 0.000204138670842863 "TRINITY_DN148_c0_g1"
"TRINITY_DN1486_c0_g1" 299.577590441286 -5.6099537669366 1.21023665868775 -4.6354188056239 3.5621552833157e-06 0.000454024876262343 "TRINITY_DN1486_c0_g1"
"TRINITY_DN148778_c0_g1" 80.7130471559716 -3.58380497193229 1.03101022041413 -3.4760130413574 0.000508927537195685 0.0184182140731765 "TRINITY_DN148778_c0_g1"
"TRINITY_DN148870_c0_g1" 244.5822816896 -5.82974008158766 1.58807737909143 -3.67094208276109 0.000241658100500484 0.0111019021777255 "TRINITY_DN148870_c0_g1"
"TRINITY_DN14989_c0_g1" 16.9459437758374 -2.12471035494433 0.66486408421973 -3.19570631858968 0.00139489013650247 0.0374759163359128 "TRINITY_DN14989_c0_g1"
"TRINITY_DN1505_c0_g1" 4817.77045036683 -4.96650746894802 0.937205654699189 -5.29927177033742 1.1626546738747e-07 2.80333074391891e-05 "TRINITY_DN1505_c0_g1"
"TRINITY_DN15112_c0_g2" 79.4273243306632 -3.90370448698249 1.26703981591566 -3.08096433746352 0.00206331359962845 0.0484533103684461 "TRINITY_DN15112_c0_g2"
"TRINITY_DN15292_c0_g1" 122.727401057407 -3.34280818241249 0.53032762381602 -6.30328882052007 2.91395154796138e-10 1.55362867391659e-07 "TRINITY_DN15292_c0_g1"
"TRINITY_DN153453_c0_g1" 88.8336784113454 -3.83871072942248 1.04095065769566 -3.68769710748845 0.000226292789645567 0.0106150105973147 "TRINITY_DN153453_c0_g1"
"TRINITY_DN15367_c1_g2" 19.4730179481872 -3.45749876838415 0.977167194430305 -3.53828780590603 0.000402730830136623 0.0157167361449566 "TRINITY_DN15367_c1_g2"
"TRINITY_DN15399_c0_g1" 203.053077770495 -3.36388016276798 1.01909826538156 -3.30083984738068 0.000963958900892384 0.0291226370257631 "TRINITY_DN15399_c0_g1"
"TRINITY_DN15461_c0_g1" 48.5099620767289 -3.48638341875151 0.662882628735336 -5.25942794036242 1.44504241985351e-07 3.27557370081165e-05 "TRINITY_DN15461_c0_g1"
"TRINITY_DN15643_c0_g1" 13.0559164257721 -5.42184226186721 1.20679367541965 -4.49276655347221 7.03038383415507e-06 0.000806470242551334 "TRINITY_DN15643_c0_g1"
"TRINITY_DN15684_c1_g1" 62.6316198224869 -3.23280389485021 0.869588008967008 -3.71762703891293 0.000201102865829737 0.00976553586440315 "TRINITY_DN15684_c1_g1"
"TRINITY_DN15688_c1_g1" 65.9661708364981 -3.71962777359588 1.07903074058894 -3.44719351699442 0.000566442688457402 0.0198359740717437 "TRINITY_DN15688_c1_g1"
"TRINITY_DN15689_c0_g1" 1155.8170169225 -2.1382356245633 0.657597944038806 -3.25158502082713 0.00114763445926092 0.0327524580141545 "TRINITY_DN15689_c0_g1"
"TRINITY_DN1572_c0_g1" 42.4171034845908 -5.043592693244 1.28609094044402 -3.92164545650458 8.79463326942584e-05 0.00538505150790332 "TRINITY_DN1572_c0_g1"
"TRINITY_DN157874_c0_g1" 107.712069296032 -3.44283338950044 0.989462089276689 -3.47950005039324 0.000502350274795717 0.0182308029732275 "TRINITY_DN157874_c0_g1"
"TRINITY_DN1580_c0_g1" 2193.48484077464 -4.25060643975572 1.35762945645906 -3.13090322218115 0.001742695790926 0.0431174831147084 "TRINITY_DN1580_c0_g1"
"TRINITY_DN15862_c0_g1" 145.38311417897 -2.59550573897815 0.653684324276872 -3.97057974711171 7.1697951882811e-05 0.00456478229011196 "TRINITY_DN15862_c0_g1"
"TRINITY_DN15971_c0_g1" 9.73276595885036 -4.19488758936688 1.30508189571779 -3.21427153585614 0.00130775938729471 0.0357696760159258 "TRINITY_DN15971_c0_g1"
"TRINITY_DN15995_c0_g1" 39.3023848543382 -3.31469712547066 0.905755082089512 -3.65959539285597 0.000252613793511229 0.0114523295249911 "TRINITY_DN15995_c0_g1"
"TRINITY_DN16024_c0_g1" 20.8457735822699 -5.57007217879594 1.47614502959094 -3.77339087090885 0.000161043679782466 0.00830265976947431 "TRINITY_DN16024_c0_g1"
"TRINITY_DN16033_c2_g1" 232.818971341635 -3.63760936668968 0.680488549148274 -5.34558497897232 9.01255012553856e-08 2.20109732259524e-05 "TRINITY_DN16033_c2_g1"
"TRINITY_DN16263_c0_g1" 15.3749938420171 -4.74507442239551 1.21846396892805 -3.89430836151028 9.84793106508725e-05 0.00584049037119894 "TRINITY_DN16263_c0_g1"
"TRINITY_DN16321_c0_g2" 257.36161249669 -3.69694796768446 0.85829700220209 -4.30730616348348 1.65254801775813e-05 0.00156784975469258 "TRINITY_DN16321_c0_g2"
"TRINITY_DN164494_c0_g1" 68.9778732464878 -3.0383150657777 0.853497099093017 -3.55984228769661 0.000371077581092418 0.014739917977181 "TRINITY_DN164494_c0_g1"
"TRINITY_DN1674_c0_g1" 731.906727969992 -2.05067929684454 0.596984414220347 -3.43506337518493 0.000592415267107078 0.0203317134508961 "TRINITY_DN1674_c0_g1"
"TRINITY_DN16740_c0_g1" 18.6746915664774 -4.88353215440322 1.14087485934995 -4.28051518041669 1.86461167248147e-05 0.00170494866815909 "TRINITY_DN16740_c0_g1"
"TRINITY_DN16808_c0_g1" 31.2105634077481 -5.84187947182842 1.1797683805363 -4.95171727621045 7.35614251738958e-07 0.000126003065608951 "TRINITY_DN16808_c0_g1"
"TRINITY_DN16815_c0_g2" 31067.7453271062 -12.98204469323 1.05083366389291 -12.3540434031556 4.63233554990189e-35 1.34890047878105e-31 "TRINITY_DN16815_c0_g2"
"TRINITY_DN16907_c0_g1" 444.867773827783 -2.39947322089572 0.569573207949835 -4.2127564769638 2.52273005357744e-05 0.00214602126243088 "TRINITY_DN16907_c0_g1"
"TRINITY_DN16976_c0_g1" 77.4479971321052 -5.45200550208381 1.06053303142357 -5.14081630702769 2.73547392616546e-07 5.57251236447997e-05 "TRINITY_DN16976_c0_g1"
"TRINITY_DN17584_c0_g1" 9.18825162275088 -4.93453452482373 1.47275694742124 -3.35054235083663 0.000806534752600481 0.025486622279527 "TRINITY_DN17584_c0_g1"
"TRINITY_DN17644_c0_g1" 356.001537955473 -5.33855633660757 1.31385483681251 -4.0632771498252 4.83885186697944e-05 0.00349761122985776 "TRINITY_DN17644_c0_g1"
"TRINITY_DN17763_c0_g1" 23.2318325088866 -7.41575305074502 2.04904124630019 -3.61913312586319 0.000295591553780208 0.0127444399411729 "TRINITY_DN17763_c0_g1"
"TRINITY_DN1799_c7_g1" 694.550245261254 -3.71294350927943 0.91718431201912 -4.04819779473292 5.16135209753475e-05 0.00365885737176363 "TRINITY_DN1799_c7_g1"
"TRINITY_DN181_c1_g1" 65.5647129580265 -5.11065469768739 1.32151044668534 -3.86728285841864 0.000110054748966342 0.00629753436517519 "TRINITY_DN181_c1_g1"
"TRINITY_DN181_c1_g2" 42.090959345679 -5.35151953703944 1.42689270736223 -3.75047087242622 0.000176502808239315 0.00888499176316392 "TRINITY_DN181_c1_g2"
"TRINITY_DN18192_c0_g4" 21.1486200096414 -4.8950648890963 1.38847857873731 -3.52548823154902 0.000422702957677335 0.0162616061614589 "TRINITY_DN18192_c0_g4"
"TRINITY_DN1823_c0_g1" 290.224294789518 -12.1120059826536 1.42691580785582 -8.4882415037885 2.09787258132335e-17 4.17973508242082e-14 "TRINITY_DN1823_c0_g1"
"TRINITY_DN1830_c2_g1" 20.3019906072117 -4.16672800925263 1.25276154653246 -3.32603440837228 0.000880910534326014 0.0273111124299028 "TRINITY_DN1830_c2_g1"
"TRINITY_DN18316_c0_g1" 32.9347946582466 -4.6947980804598 1.31813583295913 -3.56169520854332 0.00036846799456965 0.0147034294125828 "TRINITY_DN18316_c0_g1"
"TRINITY_DN18353_c2_g1" 59.5170143211461 -7.14757232280873 1.91257263130936 -3.73715079145279 0.000186117315388967 0.00927035654480175 "TRINITY_DN18353_c2_g1"
"TRINITY_DN189426_c0_g1" 152.311971217356 -9.62600587839943 2.08072161201695 -4.62628245066791 3.72287517495516e-06 0.000469397449906918 "TRINITY_DN189426_c0_g1"
"TRINITY_DN18950_c1_g1" 42.1380617626254 -2.05683407780062 0.568268519004758 -3.61947566865552 0.000295200565175155 0.0127420950908843 "TRINITY_DN18950_c1_g1"
"TRINITY_DN19141_c0_g1" 12.8626745825711 -5.9861465683639 1.60290684010919 -3.73455675562289 0.000188046082022844 0.00932959952159209 "TRINITY_DN19141_c0_g1"
"TRINITY_DN1925_c5_g1" 27.3327088827328 -5.27651196179545 1.52576185052192 -3.4582801765495 0.000543635710600956 0.0193233143894828 "TRINITY_DN1925_c5_g1"
"TRINITY_DN19302_c0_g1" 405.996781015467 -2.65374908186805 0.648643657909136 -4.0912279793535 4.29095050564012e-05 0.00323144176947533 "TRINITY_DN19302_c0_g1"
"TRINITY_DN194_c5_g1" 138.923554936404 -3.23940669076769 0.757225023452752 -4.27799741217852 1.88582213022053e-05 0.00171839151812713 "TRINITY_DN194_c5_g1"
"TRINITY_DN19416_c0_g1" 21.2774353041391 -2.50447729885089 0.798436885286208 -3.136725450695 0.00170846028357829 0.0426045876382452 "TRINITY_DN19416_c0_g1"
"TRINITY_DN19597_c0_g1" 299.858451383238 -3.57794176168938 1.11040787486124 -3.22218694831977 0.00127216099667345 0.0349982954426406 "TRINITY_DN19597_c0_g1"
"TRINITY_DN1965_c1_g1" 559.122479285174 -2.39907551281555 0.375970205170177 -6.38102562337259 1.75905869070903e-10 1.02444871902755e-07 "TRINITY_DN1965_c1_g1"
"TRINITY_DN19735_c0_g1" 76.2130130680663 -2.84967535198491 0.800752738198539 -3.55874568521096 0.000372630124385791 0.0147724251799277 "TRINITY_DN19735_c0_g1"
"TRINITY_DN19774_c0_g1" 24.4230004223456 -4.29757776357026 1.19091100669736 -3.60864727876546 0.000307797758829085 0.0129751493991927 "TRINITY_DN19774_c0_g1"
"TRINITY_DN19947_c0_g1" 746.69326538095 -2.70992284697744 0.697974110235317 -3.88255496477341 0.000103364641842872 0.00601979771840297 "TRINITY_DN19947_c0_g1"
"TRINITY_DN200_c0_g1" 2322.29481750693 -7.16738179984724 1.6561928476075 -4.32762513749597 1.50725712972607e-05 0.00147146452559939 "TRINITY_DN200_c0_g1"
"TRINITY_DN20063_c0_g1" 22.0155810148895 -2.22629749469296 0.565149689939683 -3.93930587652019 8.1717691647827e-05 0.00508786713376397 "TRINITY_DN20063_c0_g1"
"TRINITY_DN203_c2_g1" 71.0662996341339 -3.51171862917319 0.872565757049727 -4.02458909348773 5.70748838154119e-05 0.00391871524055584 "TRINITY_DN203_c2_g1"
"TRINITY_DN20402_c0_g1" 85.8403951468312 -3.80939194388868 1.16322436232994 -3.27485570905554 0.00105715954742833 0.0310223059441081 "TRINITY_DN20402_c0_g1"
"TRINITY_DN20413_c0_g2" 25.1081263661356 -2.01534379868396 0.529610358375391 -3.80533304685758 0.000141613509877013 0.00753977414401453 "TRINITY_DN20413_c0_g2"
"TRINITY_DN2048_c0_g1" 303.997885065404 -2.29912661569035 0.535209427086625 -4.29575134392809 1.74102649249437e-05 0.00163135044241026 "TRINITY_DN2048_c0_g1"
"TRINITY_DN2062_c9_g1" 1073.8985919931 -4.43335721087441 0.525929199252753 -8.42957040068011 3.46936505006715e-17 6.5666406985146e-14 "TRINITY_DN2062_c9_g1"
"TRINITY_DN20636_c0_g1" 54.6881629509365 -6.71165248538419 1.37161649675557 -4.89324275499747 9.91879362196312e-07 0.000160459800239066 "TRINITY_DN20636_c0_g1"
"TRINITY_DN2084_c0_g1" 108.995068936727 -6.46150548353556 1.36672855491274 -4.72771675129601 2.27058626309044e-06 0.000314822439534539 "TRINITY_DN2084_c0_g1"
"TRINITY_DN2098_c0_g2" 357.583650691492 -2.82944350087532 0.688259702997724 -4.11101142279817 3.93929709377689e-05 0.00303093681879927 "TRINITY_DN2098_c0_g2"
"TRINITY_DN21026_c0_g1" 389.882879962093 -2.17587388362801 0.599223635532953 -3.63115497220461 0.00028215568540614 0.0123909553028416 "TRINITY_DN21026_c0_g1"
"TRINITY_DN21393_c0_g1" 71.8955164954061 -5.7641356952058 1.57710126161486 -3.65489257760384 0.000257289685133797 0.0116087020628604 "TRINITY_DN21393_c0_g1"
"TRINITY_DN216_c1_g1" 864.228722113073 -3.8151282906327 0.988186172672753 -3.86073838729589 0.000113044889326547 0.00638752320287309 "TRINITY_DN216_c1_g1"
"TRINITY_DN21618_c0_g1" 99.8113970044325 -2.59120675211993 0.721504063505065 -3.5913959230276 0.00032891152389597 0.0135483631524287 "TRINITY_DN21618_c0_g1"
"TRINITY_DN21796_c0_g1" 764.814097320995 -4.92422978856957 1.16333338986035 -4.2328620767609 2.30736018378473e-05 0.0020033284347975 "TRINITY_DN21796_c0_g1"
"TRINITY_DN2182_c0_g1" 12566.835793228 -3.29193676483096 0.647480293864325 -5.08422695798794 3.6912634773223e-07 7.16578353507874e-05 "TRINITY_DN2182_c0_g1"
"TRINITY_DN2188_c0_g1" 237.099429694841 -10.7894091480137 1.86226296533086 -5.79370870219546 6.88488338647585e-09 2.32702911245574e-06 "TRINITY_DN2188_c0_g1"
"TRINITY_DN2204_c0_g1" 59.0327060318376 -3.56671719577125 1.15176650777878 -3.09673633647308 0.00195663821862298 0.0464962584846031 "TRINITY_DN2204_c0_g1"
"TRINITY_DN22113_c0_g1" 298.939645859177 -4.82364207535947 1.35125128674153 -3.56975946864141 0.000357309155709351 0.0143740043457784 "TRINITY_DN22113_c0_g1"
"TRINITY_DN2219_c4_g1" 73.7236819050132 -4.23815810972878 0.896727561759798 -4.72624941003434 2.28704717664769e-06 0.000314822439534539 "TRINITY_DN2219_c4_g1"
"TRINITY_DN22320_c0_g1" 7.95899702348736 -2.85879385591833 0.844659800072169 -3.38455062697913 0.000712948697952034 0.0234276675008457 "TRINITY_DN22320_c0_g1"
"TRINITY_DN2234_c5_g1" 121074.117513566 -2.11818971519537 0.484786258143343 -4.36932705829515 1.2462999388255e-05 0.00126824419850105 "TRINITY_DN2234_c5_g1"
"TRINITY_DN2238_c3_g2" 215.141784053883 -2.75449720341549 0.803599489862368 -3.42769904431777 0.000608719878293325 0.0207970135314024 "TRINITY_DN2238_c3_g2"
"TRINITY_DN2254_c1_g1" 1302.66745283087 -9.09057797175361 1.4531558037423 -6.25574900388709 3.95612573052475e-10 2.0514950620413e-07 "TRINITY_DN2254_c1_g1"
"TRINITY_DN22543_c0_g1" 20.0625413505394 -2.10013432575236 0.496768229718602 -4.22759387600532 2.36203636525023e-05 0.00203678557190313 "TRINITY_DN22543_c0_g1"
"TRINITY_DN22757_c0_g1" 24.0270859113113 -4.70909868685702 1.38145804338473 -3.40878878617202 0.000652519795038112 0.0220457760151791 "TRINITY_DN22757_c0_g1"
"TRINITY_DN2281_c1_g1" 199.327761926372 -2.43383650678008 0.486396831468133 -5.00380830901759 5.62086526104638e-07 0.000102791234037155 "TRINITY_DN2281_c1_g1"
"TRINITY_DN2284_c0_g2" 939.685766381936 -4.39595319301791 1.30804142413954 -3.36071405071111 0.000777412656898523 0.0248555372693358 "TRINITY_DN2284_c0_g2"
"TRINITY_DN2292_c0_g2" 128.104977082286 -8.37588170586394 1.58213043748322 -5.29405256824963 1.19635017972206e-07 2.86631873755561e-05 "TRINITY_DN2292_c0_g2"
"TRINITY_DN2296_c0_g1" 94.1318645514194 -2.42111632808903 0.681229221078204 -3.5540406271138 0.00037936060564516 0.0149746566493196 "TRINITY_DN2296_c0_g1"
"TRINITY_DN23_c3_g1" 13.7995092188839 -3.70672536287144 1.04927592376379 -3.53265073458971 0.00041141561242634 0.0159734748804093 "TRINITY_DN23_c3_g1"
"TRINITY_DN23094_c0_g1" 119.929118673452 -2.77213078393889 0.686531299728789 -4.03787967865996 5.39365038447305e-05 0.00375324697250418 "TRINITY_DN23094_c0_g1"
"TRINITY_DN23323_c0_g1" 25.0664386478362 -5.27628083474959 1.63486471681888 -3.22735011678287 0.0012494247878385 0.0345738123856919 "TRINITY_DN23323_c0_g1"
"TRINITY_DN23582_c0_g2" 8.87968654017157 -2.51941714507818 0.772046684226092 -3.26329637385033 0.00110124289597767 0.0318661374678156 "TRINITY_DN23582_c0_g2"
"TRINITY_DN2374_c3_g1" 265.067230484854 -3.98272908574599 0.892981744013271 -4.46003416357278 8.19465892928626e-06 0.000907043315111495 "TRINITY_DN2374_c3_g1"
"TRINITY_DN238760_c0_g1" 59.387512132603 -19.4808916824753 5.00692133580531 -3.89079244028945 9.99173756760728e-05 0.00590073674916964 "TRINITY_DN238760_c0_g1"
"TRINITY_DN238857_c0_g1" 28.0645967232827 -3.90403386604553 1.20088509965237 -3.25096369933782 0.00115014541879141 0.0327852069490578 "TRINITY_DN238857_c0_g1"
"TRINITY_DN23930_c0_g1" 21.6143294502839 -3.38830758377401 1.1007543537347 -3.07816868702629 0.00208276981414638 0.048758968036185 "TRINITY_DN23930_c0_g1"
"TRINITY_DN2396_c0_g2" 31.6046616217286 -4.67121244493182 1.21692980859379 -3.83852249484263 0.000123776876513091 0.00679068646435227 "TRINITY_DN2396_c0_g2"
"TRINITY_DN2419_c0_g1" 63.6586809047515 -4.96308338471979 1.232063060857 -4.02827058321801 5.61886536806669e-05 0.00386731179105754 "TRINITY_DN2419_c0_g1"
"TRINITY_DN2439_c1_g1" 79.7167544473261 -2.89254250386914 0.918346568030254 -3.14972865861883 0.00163422166974943 0.0414967448982533 "TRINITY_DN2439_c1_g1"
"TRINITY_DN244_c2_g1" 12.9969363036195 -5.84703990999647 1.67190727732176 -3.49722738174982 0.000470120940246221 0.0175153691777059 "TRINITY_DN244_c2_g1"
"TRINITY_DN24432_c0_g2" 10.2530603775175 -2.02885321068467 0.643643442397343 -3.1521383999935 0.00162079430913887 0.0414036623356673 "TRINITY_DN24432_c0_g2"
"TRINITY_DN2444_c0_g1" 618.879305252237 -7.19158642468178 0.606493528339442 -11.8576474251458 1.96416541830797e-32 4.95689879400322e-29 "TRINITY_DN2444_c0_g1"
"TRINITY_DN24662_c0_g1" 1955.4800022161 -4.02800184752408 0.851899777337737 -4.72825789450485 2.2645443779095e-06 0.000314822439534539 "TRINITY_DN24662_c0_g1"
"TRINITY_DN24789_c0_g1" 7.65839676808373 -5.93036627097425 1.51712461630179 -3.9089513196552 9.26976391475212e-05 0.00558768969733983 "TRINITY_DN24789_c0_g1"
"TRINITY_DN2483_c0_g1" 120.923828606819 -2.45377485560382 0.778028301182351 -3.1538375299136 0.00161138767916817 0.0412713671142837 "TRINITY_DN2483_c0_g1"
"TRINITY_DN24847_c0_g1" 19.0905872124525 -2.36917344790946 0.633472313499224 -3.73997947096131 0.00018403528486581 0.0092029797999937 "TRINITY_DN24847_c0_g1"
"TRINITY_DN2486_c1_g1" 451.827356684725 -2.47025177356568 0.553096320264515 -4.46622348234806 7.96124462920518e-06 0.000889005650261246 "TRINITY_DN2486_c1_g1"
"TRINITY_DN249_c0_g1" 35.0947124014777 -4.47056433891222 1.22499771399926 -3.64944708698036 0.000262805364259535 0.0117733693065618 "TRINITY_DN249_c0_g1"
"TRINITY_DN24964_c0_g1" 238.286818620742 -2.06087821890681 0.663606555431246 -3.10557242396067 0.00189911107490465 0.0456076296459196 "TRINITY_DN24964_c0_g1"
"TRINITY_DN24981_c0_g1" 487.587719887801 -4.05341195324221 1.04318059137133 -3.88562822848701 0.000102065601492186 0.00597036112564467 "TRINITY_DN24981_c0_g1"
"TRINITY_DN25384_c0_g1" 7.45510439328292 -4.99957124682924 1.57478443673243 -3.17476546644252 0.00149957652222733 0.0389879596489804 "TRINITY_DN25384_c0_g1"
"TRINITY_DN25486_c0_g1" 366.368912794598 -3.54873723515641 1.08100179520194 -3.28282270289244 0.00102773281046466 0.0304181591400624 "TRINITY_DN25486_c0_g1"
"TRINITY_DN25538_c0_g1" 80.0345681866672 -6.48887707922296 1.13565287253763 -5.71378564360385 1.10490162824126e-08 3.60569406354078e-06 "TRINITY_DN25538_c0_g1"
"TRINITY_DN2555_c0_g2" 4503.40728222388 -3.90994436900949 0.788020881772614 -4.96172685197664 6.98692051719093e-07 0.000120771632958111 "TRINITY_DN2555_c0_g2"
"TRINITY_DN2558_c0_g1" 34.9350346057483 -5.83708059851924 1.86026046942541 -3.13777596979319 0.00170234936107267 0.0425437964784222 "TRINITY_DN2558_c0_g1"
"TRINITY_DN2563_c0_g1" 1458.82022559416 -2.79086993629868 0.439966222943174 -6.34337317448832 2.24788034515042e-10 1.2513751539069e-07 "TRINITY_DN2563_c0_g1"
"TRINITY_DN25636_c0_g1" 13.2343087577512 -3.26214074214669 0.991671424203219 -3.28953790794943 0.00100352037884678 0.0299539352852121 "TRINITY_DN25636_c0_g1"
"TRINITY_DN2571_c3_g1" 136.586758333639 -5.2767475532562 1.29754706433534 -4.06670994701773 4.76815290454075e-05 0.00347781171871657 "TRINITY_DN2571_c3_g1"
"TRINITY_DN25732_c0_g1" 15.0669350677617 -4.20840343080657 1.27710578072161 -3.29526613561226 0.000983285090719539 0.0294946569803393 "TRINITY_DN25732_c0_g1"
"TRINITY_DN25746_c0_g1" 10.8968590746486 -6.27974051011697 1.7028680639917 -3.68774342704896 0.000226251612314516 0.0106150105973147 "TRINITY_DN25746_c0_g1"
"TRINITY_DN2581_c0_g2" 1058.90269953713 -5.04505786765645 0.889875106145916 -5.66939993355561 1.43298514673394e-08 4.55845821257256e-06 "TRINITY_DN2581_c0_g2"
"TRINITY_DN25829_c0_g2" 36.1569470829707 -5.66709427292471 1.39899028440262 -4.05084605383419 5.10327756753262e-05 0.00362447602849808 "TRINITY_DN25829_c0_g2"
"TRINITY_DN2595_c0_g1" 175.148551052425 -6.62606229551044 1.22391453863186 -5.41382758874432 6.16915703896332e-08 1.61057544627556e-05 "TRINITY_DN2595_c0_g1"
"TRINITY_DN26050_c0_g1" 12.4849033386472 -18.3684391734341 5.01769544029035 -3.66073218114076 0.000251495535516813 0.0114427445877271 "TRINITY_DN26050_c0_g1"
"TRINITY_DN2623_c1_g2" 3203.17497227174 -6.00877458089852 1.43853385624475 -4.17701297387901 2.9536218492386e-05 0.00240968437721825 "TRINITY_DN2623_c1_g2"
"TRINITY_DN2634_c0_g1" 3552.77103663075 -2.00172135263222 0.305098425818139 -6.56090357485288 5.34826983797033e-11 3.37431257860612e-08 "TRINITY_DN2634_c0_g1"
"TRINITY_DN26343_c0_g1" 233.531296914701 -3.65508758371972 0.863407417366781 -4.23332891309528 2.30257363816189e-05 0.0020033284347975 "TRINITY_DN26343_c0_g1"
"TRINITY_DN2647_c0_g1" 94.2369801503518 -4.8922950573157 1.59242928849387 -3.07222122367698 0.00212472194322698 0.049374677201263 "TRINITY_DN2647_c0_g1"
"TRINITY_DN26511_c1_g1" 9.67492639271623 -5.63946065633319 1.5409802878845 -3.65965788185078 0.000252552202199074 0.0114523295249911 "TRINITY_DN26511_c1_g1"
"TRINITY_DN2652_c2_g1" 56.4877952909669 -9.17780074474341 1.91107051430323 -4.8024396148928 1.56744096141801e-06 0.000231779209353432 "TRINITY_DN2652_c2_g1"
"TRINITY_DN2678_c1_g1" 573.551207746294 -2.97913929080919 0.609510393120025 -4.88775798482987 1.01990798376938e-06 0.00016429198606634 "TRINITY_DN2678_c1_g1"
"TRINITY_DN2685_c0_g3" 23.0743803202874 -3.83512734002155 1.18814571065308 -3.22782576718939 0.0012473492300759 0.0345522541213457 "TRINITY_DN2685_c0_g3"
"TRINITY_DN269_c2_g1" 135.196443742244 -2.42388697321449 0.670847071596564 -3.6131736663109 0.000302471968319436 0.0128964895020955 "TRINITY_DN269_c2_g1"
"TRINITY_DN27374_c0_g1" 95.5647611926001 -2.00077860803896 0.37166428318859 -5.38329535158408 7.3134387665445e-08 1.87060962505096e-05 "TRINITY_DN27374_c0_g1"
"TRINITY_DN2739_c0_g1" 1068.9229334185 -4.90436791295498 0.985987458277934 -4.97406723765092 6.55625518573487e-07 0.000115838120949408 "TRINITY_DN2739_c0_g1"
"TRINITY_DN2739_c0_g2" 819.356376329075 -5.01508457909646 1.19911266496903 -4.18232975566643 2.88537062679084e-05 0.00236618186894032 "TRINITY_DN2739_c0_g2"
"TRINITY_DN27431_c0_g1" 96.4545662935407 -2.51507455068943 0.76376690450976 -3.29298708262802 0.000991290288063911 0.029687732479952 "TRINITY_DN27431_c0_g1"
"TRINITY_DN2744_c1_g1" 1927.98102018555 -2.79650514163038 0.636370462804604 -4.39446093916059 1.11047967957246e-05 0.00116124884724352 "TRINITY_DN2744_c1_g1"
"TRINITY_DN27466_c0_g1" 86.6476123296564 -2.40594471213871 0.728370921856442 -3.30318611018481 0.000955929217428133 0.02893555609216 "TRINITY_DN27466_c0_g1"
"TRINITY_DN275_c1_g1" 101.602113776616 -2.26623711273094 0.713153266095573 -3.17777008179225 0.00148412390459535 0.0387957666935859 "TRINITY_DN275_c1_g1"
"TRINITY_DN27632_c0_g1" 131.70486984811 -3.67222499459197 1.09602161070678 -3.35050418597485 0.000806645902094077 0.025486622279527 "TRINITY_DN27632_c0_g1"
"TRINITY_DN2766_c1_g2" 20.3030237689517 -43.3902031505852 2.34645271223675 -18.4918293576961 2.40263702536551e-76 9.09518245952112e-72 "TRINITY_DN2766_c1_g2"
"TRINITY_DN27692_c0_g1" 81.1521159244343 -3.67220542899605 0.85526957739291 -4.2936233511192 1.75780580768982e-05 0.00163895908497779 "TRINITY_DN27692_c0_g1"
"TRINITY_DN27732_c0_g1" 8.7999264692565 -4.75800311250747 1.22621973917586 -3.88022061666151 0.00010436176020259 0.0060685321543303 "TRINITY_DN27732_c0_g1"
"TRINITY_DN2781_c0_g1" 287.705911277737 -2.95365093871547 0.738014890634087 -4.00215629277853 6.27678116984828e-05 0.00415904484651596 "TRINITY_DN2781_c0_g1"
"TRINITY_DN27812_c1_g1" 655.828175208203 -5.05236498674659 1.20900167654939 -4.17895614600514 2.92850143168027e-05 0.0023943503606103 "TRINITY_DN27812_c1_g1"
"TRINITY_DN2783_c3_g1" 125.853595192413 -3.30182846248394 1.01983644390642 -3.23760587515041 0.00120537204228974 0.0338496725970905 "TRINITY_DN2783_c3_g1"
"TRINITY_DN27950_c0_g1" 31.6295509671072 -4.0421544232464 1.11971937643705 -3.60997095192596 0.00030623129736872 0.0129523863261373 "TRINITY_DN27950_c0_g1"
"TRINITY_DN27978_c1_g2" 16.1573017846845 -2.66117963066745 0.83798574525658 -3.17568603729963 0.00149482638430053 0.0388911702939495 "TRINITY_DN27978_c1_g2"
"TRINITY_DN2799_c0_g2" 257.406276238353 -2.88816404632072 0.659807513548897 -4.37728274839763 1.20168041874648e-05 0.00123613076770782 "TRINITY_DN2799_c0_g2"
"TRINITY_DN2800_c0_g1" 1055.99174616376 -3.16638658146371 0.99207447435495 -3.19168234171382 0.00141446799153494 0.0376983118414041 "TRINITY_DN2800_c0_g1"
"TRINITY_DN28020_c0_g1" 9.90319208824441 -3.73132068770634 1.17936856482953 -3.16382918705797 0.00155708152056412 0.0402069037932844 "TRINITY_DN28020_c0_g1"
"TRINITY_DN2825_c1_g1" 94.725692642412 -4.37024295989398 1.15163372656507 -3.79482022719925 0.000147750473079586 0.00777899048460046 "TRINITY_DN2825_c1_g1"
"TRINITY_DN28270_c0_g2" 131.26327859818 -2.54480536519432 0.559853042845952 -4.54548813784788 5.48080840476742e-06 0.00065094964380789 "TRINITY_DN28270_c0_g2"
"TRINITY_DN2853_c0_g1" 91.9519455360358 -4.63676883252367 1.42815088714115 -3.2466939412862 0.00116753870002748 0.0331810641813366 "TRINITY_DN2853_c0_g1"
"TRINITY_DN28853_c0_g1" 358.0632565867 -2.24889062781993 0.47579855393774 -4.72656045128334 2.28354831467521e-06 0.000314822439534539 "TRINITY_DN28853_c0_g1"
"TRINITY_DN2891_c0_g1" 286.667244658447 -3.51461253741098 0.671852407655132 -5.23122712275084 1.68388464714044e-07 3.74961490102949e-05 "TRINITY_DN2891_c0_g1"
"TRINITY_DN2928_c3_g1" 22.9985384026729 -2.66883313966589 0.839614169175899 -3.17864233078083 0.00147966551995778 0.0387899849432145 "TRINITY_DN2928_c3_g1"
"TRINITY_DN29304_c0_g1" 289.73837499723 -4.41606230940389 1.31069847045865 -3.36924350560856 0.000753748072883992 0.0243664673774752 "TRINITY_DN29304_c0_g1"
"TRINITY_DN2942_c1_g1" 335.440589865762 -4.76487839605838 0.746036927902007 -6.38692029556512 1.69259799805238e-10 1.00114526900426e-07 "TRINITY_DN2942_c1_g1"
"TRINITY_DN2963_c0_g1" 1418.10800905651 -3.23506477836821 0.825330142598413 -3.91972207410619 8.86511411900909e-05 0.00541272411250144 "TRINITY_DN2963_c0_g1"
"TRINITY_DN2965_c0_g1" 192.413191993904 -4.28932438771964 1.14403831419651 -3.74928386094495 0.00017734026415778 0.00891529309388146 "TRINITY_DN2965_c0_g1"
"TRINITY_DN2966_c1_g1" 67.2486828242438 -2.7750457540629 0.468122977713605 -5.92802721972059 3.06595684996134e-09 1.14912669856719e-06 "TRINITY_DN2966_c1_g1"
"TRINITY_DN2991_c0_g1" 327.020147939452 -2.72087046732974 0.809579696413819 -3.36084326148782 0.00077704907944739 0.0248555372693358 "TRINITY_DN2991_c0_g1"
"TRINITY_DN30028_c0_g4" 17.0203004726512 -2.24787875082013 0.649661887558769 -3.46007483872414 0.000540025277693991 0.0192648590195756 "TRINITY_DN30028_c0_g4"
"TRINITY_DN301_c0_g1" 30.9733800817114 -2.38654380850126 0.763036591478557 -3.12769247917298 0.00176184416028406 0.0433927200309389 "TRINITY_DN301_c0_g1"
"TRINITY_DN3038_c0_g1" 1000.00989180363 -3.15959401596382 0.708024321746046 -4.46255011151595 8.09899798867523e-06 0.000899083779651909 "TRINITY_DN3038_c0_g1"
"TRINITY_DN30415_c0_g1" 8.83772775982142 -5.11603042530313 1.34729359338871 -3.79726471676844 0.000146301530004997 0.00773261534089285 "TRINITY_DN30415_c0_g1"
"TRINITY_DN3046_c0_g1" 96.3114500908852 -4.14035846971465 1.15152314108932 -3.59554951348866 0.000323707550059429 0.0134069467259296 "TRINITY_DN3046_c0_g1"
"TRINITY_DN30681_c0_g1" 8.20253348848801 -4.50195960385907 1.34625913860169 -3.3440512860957 0.000825644727052593 0.0258945991239237 "TRINITY_DN30681_c0_g1"
"TRINITY_DN3082_c0_g1" 264.175735193533 -17.6421508265121 3.17141306665427 -5.56286754696511 2.65377315230976e-08 7.66960596424156e-06 "TRINITY_DN3082_c0_g1"
"TRINITY_DN30845_c0_g1" 9705.14938452494 -3.81929458572763 0.627511037015228 -6.08641818300792 1.15464619154315e-09 5.33038190010562e-07 "TRINITY_DN30845_c0_g1"
"TRINITY_DN30845_c0_g2" 2544.37549921937 -3.96508030333463 1.07991790130323 -3.6716497601805 0.000240989794814386 0.0110846521053446 "TRINITY_DN30845_c0_g2"
"TRINITY_DN3085_c1_g1" 139.734754695988 -34.9899276386026 5.08018791720873 -6.88752625076663 5.67708998199316e-12 4.45848164327147e-09 "TRINITY_DN3085_c1_g1"
"TRINITY_DN3145_c0_g1" 603.924407448145 -4.42331264636519 1.42437584589681 -3.10543924141047 0.0018999665024862 0.0456076296459196 "TRINITY_DN3145_c0_g1"
"TRINITY_DN31461_c0_g1" 268.102892360533 -2.22805071710581 0.668931752859058 -3.33075939000201 0.000866094292271539 0.0269178977290141 "TRINITY_DN31461_c0_g1"
"TRINITY_DN3178_c1_g1" 171.565607675705 -5.71471145434238 1.50231950686305 -3.80392548205348 0.00014242103932272 0.00757211860050781 "TRINITY_DN3178_c1_g1"
"TRINITY_DN31907_c0_g1" 13.456137355185 -19.3417302989597 5.0103423585832 -3.86036101222214 0.000113219626259061 0.00638752320287309 "TRINITY_DN31907_c0_g1"
"TRINITY_DN32068_c0_g1" 13.2028594853644 -4.38480537466283 1.40799360375388 -3.11422250994068 0.00184430346264716 0.0447539151144283 "TRINITY_DN32068_c0_g1"
"TRINITY_DN32153_c0_g1" 1936.91659851329 -3.93710241151254 1.00890241014543 -3.90236198458978 9.52585556792852e-05 0.00569670240954082 "TRINITY_DN32153_c0_g1"
"TRINITY_DN32153_c6_g1" 155.853855760534 -6.7595512443277 1.68777155850989 -4.00501549528161 6.20134159769734e-05 0.0041402431425191 "TRINITY_DN32153_c6_g1"
"TRINITY_DN32505_c0_g2" 35.1827606832506 -30.1963563214974 4.9981765278836 -6.04147455637858 1.52712092272852e-09 6.49541152021217e-07 "TRINITY_DN32505_c0_g2"
"TRINITY_DN3266_c0_g1" 381.433947525083 -4.62867421421516 1.13137998745644 -4.09117561343941 4.29191966003153e-05 0.00323144176947533 "TRINITY_DN3266_c0_g1"
"TRINITY_DN32711_c0_g1" 404.223226218515 -4.08432540252246 0.933882519959466 -4.37348950775921 1.22276124267507e-05 0.00125440723147601 "TRINITY_DN32711_c0_g1"
"TRINITY_DN328_c2_g1" 1461.88718533602 -3.65634506717817 0.980088087897186 -3.73062902440023 0.000191002295917511 0.0094514926953691 "TRINITY_DN328_c2_g1"
"TRINITY_DN32901_c0_g1" 208.643146511539 -3.49044068101211 0.821809616512058 -4.24726190942656 2.16398934847559e-05 0.00190950621880054 "TRINITY_DN32901_c0_g1"
"TRINITY_DN32963_c0_g1" 11.4555977568695 -2.95271960660622 0.793679788845028 -3.72029078742581 0.000198993527381003 0.00972738389250485 "TRINITY_DN32963_c0_g1"
"TRINITY_DN33196_c0_g1" 409.993405178699 -2.14014380237248 0.593996241041712 -3.60295849451713 0.000314615781111421 0.01314545297348 "TRINITY_DN33196_c0_g1"
"TRINITY_DN3354_c0_g1" 1214.19618063225 -2.98784485479487 0.861316510578315 -3.46892787738242 0.000522539711026395 0.0187495173089139 "TRINITY_DN3354_c0_g1"
"TRINITY_DN3382_c0_g1" 142.440853732971 -3.96572548101103 1.20273280752409 -3.29726224827504 0.000976322940451365 0.0293323054847511 "TRINITY_DN3382_c0_g1"
"TRINITY_DN3385_c0_g1" 557.742332347451 -2.03786452677127 0.652279089109911 -3.12422176457029 0.00178276037904168 0.0436805140120535 "TRINITY_DN3385_c0_g1"
"TRINITY_DN340_c1_g4" 99.9428700906978 -5.989913671173 1.23063458042564 -4.86733736110459 1.13111848999552e-06 0.000179156863760588 "TRINITY_DN340_c1_g4"
"TRINITY_DN3417_c0_g1" 185.641250823655 -3.91141855255728 1.07610380187217 -3.63479670432568 0.000278199922922954 0.0122741935690541 "TRINITY_DN3417_c0_g1"
"TRINITY_DN34333_c0_g3" 73.3917177762545 -3.53178466076462 0.885844588245366 -3.98691227290804 6.69387622215168e-05 0.00432417550152819 "TRINITY_DN34333_c0_g3"
"TRINITY_DN3445_c1_g1" 735.669098977216 -4.06970574905852 0.706687436268033 -5.75884831142655 8.46897630756824e-09 2.81222015897365e-06 "TRINITY_DN3445_c1_g1"
"TRINITY_DN3451_c0_g1" 34.4389662336628 -4.77266985515179 1.22227486292543 -3.90474352366924 9.43253669443954e-05 0.00565877458903342 "TRINITY_DN3451_c0_g1"
"TRINITY_DN3498_c0_g1" 39.0281309694249 -3.6751419481557 0.998873362827822 -3.67928716984837 0.000233886785036183 0.0108502257935597 "TRINITY_DN3498_c0_g1"
"TRINITY_DN35225_c1_g1" 50.4100512416925 -4.63920498382723 1.33546662380956 -3.47384569641538 0.000513055986742286 0.0185145227627543 "TRINITY_DN35225_c1_g1"
"TRINITY_DN3528_c0_g1" 294.34982348039 -4.97151212301959 1.15756470782075 -4.29480277813501 1.74848703493194e-05 0.0016342957211691 "TRINITY_DN3528_c0_g1"
"TRINITY_DN35340_c0_g1" 8.99010144724922 -7.04984597157875 2.05344694725576 -3.433176581942 0.000596553439357408 0.0204182011273731 "TRINITY_DN35340_c0_g1"
"TRINITY_DN3546_c0_g1" 2959.5617275697 -6.56152300434929 0.944339828574829 -6.94826460327502 3.69806912077577e-12 3.25559085039458e-09 "TRINITY_DN3546_c0_g1"
"TRINITY_DN3560_c0_g1" 45.1733824756258 -4.39208167558689 1.27710819679398 -3.43908345950065 0.000583687258399016 0.0201417330598858 "TRINITY_DN3560_c0_g1"
"TRINITY_DN3579_c0_g1" 1037.25578849479 -2.37364920003758 0.51514644751175 -4.60771730350221 4.07113646581047e-06 0.000506950233267287 "TRINITY_DN3579_c0_g1"
"TRINITY_DN3591_c0_g1" 41503.6210911062 -16.1046331138983 1.34414646087753 -11.9813082745345 4.4524128127411e-33 1.20390062161653e-29 "TRINITY_DN3591_c0_g1"
"TRINITY_DN3603_c0_g1" 694.256532672601 -3.83082826840824 1.16179548266959 -3.29733444961045 0.000976071970235739 0.0293323054847511 "TRINITY_DN3603_c0_g1"
"TRINITY_DN36052_c0_g2" 33.4788817731025 -4.44159698056628 0.871292187984491 -5.09771238835592 3.43782607316133e-07 6.8135552879331e-05 "TRINITY_DN36052_c0_g2"
"TRINITY_DN3618_c0_g1" 8.23727258494928 -30.2689024664525 5.00013797102791 -6.05361344863649 1.41632242871493e-09 6.14127984709746e-07 "TRINITY_DN3618_c0_g1"
"TRINITY_DN36466_c0_g1" 12.029195305291 -6.53405578166024 1.68074614359053 -3.88759230927148 0.000101243489916066 0.00595392190257317 "TRINITY_DN36466_c0_g1"
"TRINITY_DN3660_c0_g2" 276.887266722351 -3.13560429754225 0.806797084454 -3.88648441840152 0.000101706451647224 0.00596501002708318 "TRINITY_DN3660_c0_g2"
"TRINITY_DN3670_c0_g1" 522.558554955419 -4.83050599594609 0.847493008489281 -5.69975911017463 1.19976839505927e-08 3.84891801652276e-06 "TRINITY_DN3670_c0_g1"
"TRINITY_DN3686_c1_g1" 100.593273292769 -3.40711323712212 1.04648421808908 -3.25577125600962 0.00113084817705374 0.0324797099714487 "TRINITY_DN3686_c1_g1"
"TRINITY_DN3689_c0_g1" 128.831424896015 -3.98116177231442 1.1711291273951 -3.39942170268583 0.000675285111364449 0.0226376471234225 "TRINITY_DN3689_c0_g1"
"TRINITY_DN369_c0_g1" 48.3942918265826 -5.71671510326873 1.38527394024993 -4.12677589404254 3.67884584673478e-05 0.00290712037702406 "TRINITY_DN369_c0_g1"
"TRINITY_DN3690_c1_g1" 208.670292566931 -2.2344347504565 0.585173803595875 -3.81841213110698 0.000134313407462229 0.00726185981957409 "TRINITY_DN3690_c1_g1"
"TRINITY_DN3710_c3_g1" 21.8739619330459 -22.6150298761052 1.53570156274379 -14.7261879682531 4.37709601368894e-49 2.36707099425993e-45 "TRINITY_DN3710_c3_g1"
"TRINITY_DN3733_c1_g1" 598.816765364733 -2.26858437615025 0.411874356090896 -5.50795246803274 3.63031391349014e-08 1.01796691255681e-05 "TRINITY_DN3733_c1_g1"
"TRINITY_DN3753_c0_g2" 42.6956533452462 -3.66067669206752 1.17247497493988 -3.12217895503929 0.00179517781097192 0.0438995194020297 "TRINITY_DN3753_c0_g2"
"TRINITY_DN377_c4_g1" 25.4049950584043 -4.57289388493846 1.25736228786564 -3.63689441704259 0.000275944974129036 0.0121889113134827 "TRINITY_DN377_c4_g1"
"TRINITY_DN3779_c0_g1" 1436.33757909262 -4.43527599014717 0.874032550779838 -5.07449749576247 3.88521348287108e-07 7.50381410173902e-05 "TRINITY_DN3779_c0_g1"
"TRINITY_DN378_c1_g1" 1732.45143119692 -4.16556215525446 1.16792713700676 -3.5666284507527 0.000361603602771423 0.014515911328645 "TRINITY_DN378_c1_g1"
"TRINITY_DN37831_c0_g1" 29.5219067540126 -2.49432302029542 0.734714395390709 -3.39495596648679 0.000686396391039472 0.0228775024880416 "TRINITY_DN37831_c0_g1"
"TRINITY_DN3803_c0_g1" 273.016801222407 -6.3036195446288 1.65274416082732 -3.81403225861248 0.000136717610473874 0.00733065884488458 "TRINITY_DN3803_c0_g1"
"TRINITY_DN381_c1_g1" 6020.27589729462 -2.24707696932049 0.689160214439508 -3.26060170369531 0.00111176088343496 0.0320530908167787 "TRINITY_DN381_c1_g1"
"TRINITY_DN3810_c0_g1" 1751.32303223571 -3.61070464640747 0.834365087080257 -4.32748769371765 1.50819769101192e-05 0.00147146452559939 "TRINITY_DN3810_c0_g1"
"TRINITY_DN38114_c1_g1" 16.1807617685495 -6.23004268905114 1.44987934875562 -4.29693870348466 1.73173056092947e-05 0.00163071294487525 "TRINITY_DN38114_c1_g1"
"TRINITY_DN38581_c0_g1" 9.15773171591306 -5.88217997792139 1.65057369536939 -3.56371847826219 0.00036563809628206 0.0146468043754047 "TRINITY_DN38581_c0_g1"
"TRINITY_DN38633_c1_g1" 17.0725655865677 -6.84487233837912 1.81431552851124 -3.77270228403753 0.000161488942923207 0.00830592925863858 "TRINITY_DN38633_c1_g1"
"TRINITY_DN3890_c0_g1" 13195.2424234901 -2.04520969363083 0.250291160553132 -8.17132210786434 3.05028027376031e-16 5.02036346796506e-13 "TRINITY_DN3890_c0_g1"
"TRINITY_DN3903_c0_g1" 150.054573079892 -3.95381148995026 1.17153690980159 -3.37489280693672 0.000738444477844914 0.0240359550376777 "TRINITY_DN3903_c0_g1"
"TRINITY_DN3907_c1_g1" 52.7617189842225 -5.52732205276976 1.16373642838747 -4.74963395313551 2.03785175870678e-06 0.000288924637924514 "TRINITY_DN3907_c1_g1"
"TRINITY_DN3907_c2_g1" 455.617975418574 -2.10812690491561 0.460834071482062 -4.57458993458488 4.77153613048478e-06 0.000580912174199681 "TRINITY_DN3907_c2_g1"
"TRINITY_DN3929_c1_g1" 28.5084770406508 -4.33558251974809 1.3319484111835 -3.25506790153809 0.00113365258240332 0.032535571271325 "TRINITY_DN3929_c1_g1"
"TRINITY_DN39872_c0_g1" 386.399596206134 -22.6372567560214 1.65841517478253 -13.6499334426254 2.02063031515862e-42 7.64909605803295e-39 "TRINITY_DN39872_c0_g1"
"TRINITY_DN3991_c0_g1" 59.6865492809822 -4.88855269120484 1.53449878530677 -3.18576510976353 0.00144371761104716 0.0382094634205186 "TRINITY_DN3991_c0_g1"
"TRINITY_DN39911_c0_g1" 39.7720043947956 -7.30670137211845 1.41422299030886 -5.16658364500402 2.38411534417726e-07 5.04193778513018e-05 "TRINITY_DN39911_c0_g1"
"TRINITY_DN4097_c0_g1" 759.260250809039 -5.0151497675447 1.60269527108351 -3.1291973327869 0.0017528454918234 0.0432652204973891 "TRINITY_DN4097_c0_g1"
"TRINITY_DN410_c19_g1" 11.1357788385799 -3.7824301317732 1.20042842347076 -3.15090017681953 0.00162768109864481 0.0414383087314236 "TRINITY_DN410_c19_g1"
"TRINITY_DN41218_c0_g1" 19.6785424672451 -5.47573652357631 1.54117369688907 -3.55296520738015 0.000380914841526912 0.0150047152195643 "TRINITY_DN41218_c0_g1"
"TRINITY_DN41274_c0_g1" 13.8891614252582 -3.42540056912602 0.929572109840941 -3.68492183969691 0.000228772833994918 0.0106975233847772 "TRINITY_DN41274_c0_g1"
"TRINITY_DN4141_c0_g1" 3653.42010870112 -7.39129728799759 1.05047646502461 -7.0361379184487 1.97641316608439e-12 1.87042801005311e-09 "TRINITY_DN4141_c0_g1"
"TRINITY_DN4146_c4_g2" 457.575729414291 -23.4719622711114 1.39466410153289 -16.8298318177926 1.47520517386588e-63 1.86146306188976e-59 "TRINITY_DN4146_c4_g2"
"TRINITY_DN41535_c0_g1" 22.0687821117841 -2.1998267573592 0.667921652813044 -3.2935401152131 0.000989342229767966 0.0296528504416994 "TRINITY_DN41535_c0_g1"
"TRINITY_DN41598_c0_g1" 155.275517796434 -4.38251977515508 1.22435851539796 -3.57944157698827 0.000344329214753369 0.0140006255902135 "TRINITY_DN41598_c0_g1"
"TRINITY_DN4160_c1_g1" 5584.34015495979 -4.91239404139781 1.00144932819109 -4.90528467403442 9.32919345767769e-07 0.000153546355800169 "TRINITY_DN4160_c1_g1"
"TRINITY_DN4161_c0_g1" 18932.7290426078 -6.17326294550553 1.69993230797199 -3.63147574556673 0.000281805145975823 0.012389934728124 "TRINITY_DN4161_c0_g1"
"TRINITY_DN4222_c0_g1" 429.843868376825 -4.40202045319953 1.16134006811688 -3.79046635352679 0.000150364701204835 0.00786195547528873 "TRINITY_DN4222_c0_g1"
"TRINITY_DN4224_c0_g2" 8.8473105902993 -3.31650898933956 0.976744751503145 -3.39547152337975 0.000685105002225745 0.0228775024880416 "TRINITY_DN4224_c0_g2"
"TRINITY_DN4238_c2_g1" 1205.99975277428 -3.44520225151893 0.589180975270241 -5.84744313907745 4.99186388678295e-09 1.74969451327934e-06 "TRINITY_DN4238_c2_g1"
"TRINITY_DN425_c1_g1" 89.4726896070283 -5.18308916625828 1.27844647244872 -4.0542089778156 5.03042319333301e-05 0.00360303482565088 "TRINITY_DN425_c1_g1"
"TRINITY_DN426_c7_g1" 115.246311501036 -2.16641443697052 0.53462334626028 -4.05222565031008 5.07326983792356e-05 0.00360993664877061 "TRINITY_DN426_c7_g1"
"TRINITY_DN426_c8_g1" 142.558630154232 -3.40066229334559 1.10872811486653 -3.06717422219871 0.00216092867677692 0.0499706506166099 "TRINITY_DN426_c8_g1"
"TRINITY_DN42702_c0_g1" 12.9802189354298 -17.6542159868792 4.41740759976534 -3.99651052979966 6.42830236361896e-05 0.00420282186484967 "TRINITY_DN42702_c0_g1"
"TRINITY_DN43014_c0_g1" 458.358965209194 -3.54439901879633 1.11021549882751 -3.19253246107585 0.00141031092004087 0.0376763019605837 "TRINITY_DN43014_c0_g1"
"TRINITY_DN4308_c0_g1" 238.679361444705 -5.13563063497443 0.819099067567679 -6.26985286434854 3.61389432389189e-10 1.90005513376288e-07 "TRINITY_DN4308_c0_g1"
"TRINITY_DN4318_c0_g1" 234.119725322624 -2.40116219872924 0.44484627786972 -5.39773471912123 6.74875533148216e-08 1.73791927260719e-05 "TRINITY_DN4318_c0_g1"
"TRINITY_DN43475_c0_g1" 23.7084956852622 -2.33280563881962 0.554760957067688 -4.20506455816606 2.61007644435068e-05 0.0022054563348414 "TRINITY_DN43475_c0_g1"
"TRINITY_DN4379_c0_g1" 5976.32289845068 -4.38322475729049 1.08736831347414 -4.03103962381073 5.55306800531397e-05 0.00382898705539454 "TRINITY_DN4379_c0_g1"
"TRINITY_DN4389_c0_g1" 105.150342368374 -5.31076836126527 0.794378908020855 -6.68543475618798 2.30240081808821e-11 1.5563818387273e-08 "TRINITY_DN4389_c0_g1"
"TRINITY_DN4394_c0_g3" 25.6741238218447 -2.27345858837916 0.604051121310976 -3.76368573481838 0.000167427268961432 0.00850732787454364 "TRINITY_DN4394_c0_g3"
"TRINITY_DN4398_c1_g1" 145.69127184126 -2.87056061481707 0.688875186292911 -4.16702571370673 3.08599699297948e-05 0.00250687588346005 "TRINITY_DN4398_c1_g1"
"TRINITY_DN4434_c0_g1" 2861.02942201561 -5.67747886292634 1.30302279515453 -4.35716004665369 1.31760922404173e-05 0.00132654513766223 "TRINITY_DN4434_c0_g1"
"TRINITY_DN44347_c1_g1" 8.68037593220898 -4.84691199680852 1.2447003156352 -3.89403934097584 9.85886500382016e-05 0.00584049037119894 "TRINITY_DN44347_c1_g1"
"TRINITY_DN44386_c0_g1" 16.2202275099842 -15.8092531876915 2.66379904957424 -5.93485202655146 2.94110637038168e-09 1.11335581650798e-06 "TRINITY_DN44386_c0_g1"
"TRINITY_DN444_c1_g1" 416.361273262271 -2.37877035561811 0.746719324885863 -3.18562849030552 0.0014443994757565 0.0382094634205186 "TRINITY_DN444_c1_g1"
"TRINITY_DN4475_c0_g1" 162.196016033499 -4.0004536532296 1.14853979184306 -3.48307797574004 0.00049568396547545 0.0180424197241088 "TRINITY_DN4475_c0_g1"
"TRINITY_DN4553_c0_g1" 290.13096567188 -2.79635743724389 0.74805260672991 -3.73818286586566 0.000185355111653077 0.00925675165122328 "TRINITY_DN4553_c0_g1"
"TRINITY_DN4560_c0_g1" 120.022083788193 -4.00358461746602 1.08488543308958 -3.69032940746973 0.00022396384286169 0.0105844585162663 "TRINITY_DN4560_c0_g1"
"TRINITY_DN4597_c0_g1" 1990.17926960843 -4.17619901631792 1.24651615596328 -3.35029674211534 0.000807250300175745 0.025486622279527 "TRINITY_DN4597_c0_g1"
"TRINITY_DN4599_c0_g1" 302.192753719157 -4.1461687371097 1.04426680353437 -3.97041131928815 7.17486583705354e-05 0.00456478229011196 "TRINITY_DN4599_c0_g1"
"TRINITY_DN4610_c0_g1" 109.716531229561 -2.36305222739261 0.66773598629391 -3.5389020150136 0.000401794963884234 0.0157167361449566 "TRINITY_DN4610_c0_g1"
"TRINITY_DN4630_c0_g7" 90.0083909880313 -2.28135788682458 0.694824592842754 -3.28335800189628 0.00102578307615944 0.0303842084100278 "TRINITY_DN4630_c0_g7"
"TRINITY_DN4650_c2_g1" 40.1578372136823 -5.04618167348543 1.20484493411594 -4.18824159906362 2.81124155715432e-05 0.00231850869599295 "TRINITY_DN4650_c2_g1"
"TRINITY_DN46648_c1_g1" 10.6710032850215 -18.7042082647428 2.31877916635193 -8.06640344891905 7.23992878040287e-16 1.05410578454673e-12 "TRINITY_DN46648_c1_g1"
"TRINITY_DN46680_c0_g1" 15.0771387953332 -18.4978251919858 4.76247991650834 -3.88407416225866 0.000102720552926853 0.00599150467033283 "TRINITY_DN46680_c0_g1"
"TRINITY_DN4669_c2_g1" 95.5374048027765 -4.02622259563887 0.950592093296724 -4.23548925351948 2.28054610726801e-05 0.00198917218642006 "TRINITY_DN4669_c2_g1"
"TRINITY_DN4673_c0_g1" 168.807949901547 -4.53500057143231 1.41609755596773 -3.20246338419332 0.00136257621112013 0.03683742284353 "TRINITY_DN4673_c0_g1"
"TRINITY_DN46969_c0_g1" 9.66690213787064 -3.59164915842875 1.02784976277984 -3.49433281836351 0.000475248156506867 0.0175358630565115 "TRINITY_DN46969_c0_g1"
"TRINITY_DN4703_c0_g1" 149.208953967259 -2.04090640360509 0.610169764212086 -3.34481733332118 0.000823367787384906 0.0258445999929151 "TRINITY_DN4703_c0_g1"
"TRINITY_DN47095_c0_g1" 98.8310672321661 -4.9027615531185 1.30332024920503 -3.76174739562974 0.000168730412600404 0.00856205062867064 "TRINITY_DN47095_c0_g1"
"TRINITY_DN4711_c0_g1" 245.808322322872 -5.17298520091217 1.61144284553959 -3.21015741590264 0.00132662299460576 0.036129002489785 "TRINITY_DN4711_c0_g1"
"TRINITY_DN4734_c2_g1" 47.8994494829228 -2.32451453211331 0.670995993917197 -3.46427482903894 0.000531663032703521 0.0190407796622439 "TRINITY_DN4734_c2_g1"
"TRINITY_DN47420_c0_g1" 11.2098974754157 -3.47527902042864 1.11164501259051 -3.12624892035457 0.0017705161935116 0.043521357471027 "TRINITY_DN47420_c0_g1"
"TRINITY_DN48_c2_g1" 319.396849040187 -4.00143223795753 1.24994646576604 -3.20128289294793 0.00136817135651112 0.036888979131573 "TRINITY_DN48_c2_g1"
"TRINITY_DN48037_c0_g1" 134.2465609952 -3.88647135903078 1.10237726225563 -3.52553657636088 0.00042262581134914 0.0162616061614589 "TRINITY_DN48037_c0_g1"
"TRINITY_DN485_c0_g1" 398.761689568331 -3.84863540863348 0.74773552843175 -5.14705435584337 2.64608671007758e-07 5.47364002240365e-05 "TRINITY_DN485_c0_g1"
"TRINITY_DN4858_c4_g2" 44683.5729048467 -14.0309202515719 1.07437625937117 -13.0595963278119 5.60240638506828e-39 1.76732578088966e-35 "TRINITY_DN4858_c4_g2"
"TRINITY_DN4878_c1_g1" 192.680059397973 -3.673824409912 0.856864706991301 -4.28751981489803 1.80679144758436e-05 0.00166413844886389 "TRINITY_DN4878_c1_g1"
"TRINITY_DN4896_c1_g1" 620.237084936698 -2.48261348875957 0.615599971351291 -4.03283561451447 5.51078300273809e-05 0.00380676442643523 "TRINITY_DN4896_c1_g1"
"TRINITY_DN48987_c0_g1" 7.43855349094817 -3.59275975527447 1.06496567550673 -3.37359206771143 0.00074194230297257 0.0240879087252334 "TRINITY_DN48987_c0_g1"
"TRINITY_DN49739_c0_g1" 1900.8845018248 -7.13988775441253 1.03699237863769 -6.88518826318889 5.77111611465597e-12 4.45848164327147e-09 "TRINITY_DN49739_c0_g1"
"TRINITY_DN4984_c0_g1" 26.28946022413 -4.28449086868938 1.16119049490239 -3.68973987256892 0.000224483474518917 0.0105957879400419 "TRINITY_DN4984_c0_g1"
"TRINITY_DN5022_c0_g1" 11827.6886341526 -2.990485123188 0.764762316709134 -3.91034581313633 9.21640769436265e-05 0.00557327656980988 "TRINITY_DN5022_c0_g1"
"TRINITY_DN50453_c0_g1" 487.442996853948 -3.41868527978977 1.0875554715625 -3.14345830551348 0.00166964199826505 0.0420871517610947 "TRINITY_DN50453_c0_g1"
"TRINITY_DN5056_c2_g1" 110.67335276235 -6.37447972724758 1.44329745968996 -4.41660842984986 1.00261617443309e-05 0.00106912775445534 "TRINITY_DN5056_c2_g1"
"TRINITY_DN506_c2_g1" 382.496515858992 -3.03304222266913 0.745172196789057 -4.07025682887592 4.69613371582971e-05 0.00344785469589755 "TRINITY_DN506_c2_g1"
"TRINITY_DN5078_c0_g1" 243.644837855978 -7.73730281682652 1.32841005637645 -5.82448377267772 5.72894039486346e-09 1.97153671497778e-06 "TRINITY_DN5078_c0_g1"
"TRINITY_DN51068_c0_g1" 18.675036974214 -7.71429896248708 2.15150400627562 -3.58553780982308 0.000336384260339716 0.0137650184316111 "TRINITY_DN51068_c0_g1"
"TRINITY_DN51184_c0_g1" 7.99535246832694 -18.042693948437 3.01849128375501 -5.97738812284785 2.26743540882785e-09 8.94101743762274e-07 "TRINITY_DN51184_c0_g1"
"TRINITY_DN5130_c0_g1" 57.2536866060104 -5.2965068897399 1.29402147270069 -4.09305950594916 4.25718411553388e-05 0.00322957324035141 "TRINITY_DN5130_c0_g1"
"TRINITY_DN5131_c0_g2" 113.316038952581 -3.9749636166039 1.23820639294357 -3.2102593228858 0.0013261527253053 0.036129002489785 "TRINITY_DN5131_c0_g2"
"TRINITY_DN515_c2_g1" 250.93861624529 -6.3665721521536 1.20697847296049 -5.2748017423522 1.32899682665927e-07 3.09434091692951e-05 "TRINITY_DN515_c2_g1"
"TRINITY_DN519_c1_g1" 165.742723568746 -3.63765364630052 0.882271422469762 -4.12305505273825 3.73880294749456e-05 0.00292825833485903 "TRINITY_DN519_c1_g1"
"TRINITY_DN5197_c0_g1" 8535.8054117775 -3.05670672742866 0.943798125062242 -3.23872939165574 0.00120063428860234 0.0337918297360904 "TRINITY_DN5197_c0_g1"
"TRINITY_DN524_c11_g1" 1685.97740881013 -7.76085588268519 1.27931565417062 -6.06641203629806 1.3079931032572e-09 5.75745103765132e-07 "TRINITY_DN524_c11_g1"
"TRINITY_DN524_c8_g2" 1263.54363541383 -6.05406822404566 0.902573790467131 -6.7075604100052 1.97905041091741e-11 1.36212642373234e-08 "TRINITY_DN524_c8_g2"
"TRINITY_DN52951_c0_g1" 126.426901885694 -4.81081637140665 1.03925107176572 -4.62911850861305 3.67225575870226e-06 0.000464927229918642 "TRINITY_DN52951_c0_g1"
"TRINITY_DN531_c3_g1" 146.860299615025 -2.0744891627092 0.381638539365799 -5.43574337685224 5.45684450723829e-08 1.45471020296835e-05 "TRINITY_DN531_c3_g1"
"TRINITY_DN5310_c0_g1" 101.023334506875 -4.80774952332545 1.41805377768866 -3.39038589295378 0.000697943029463927 0.0230747889784777 "TRINITY_DN5310_c0_g1"
"TRINITY_DN5331_c2_g1" 232.331557540471 -3.7528748291388 1.01912941898382 -3.68243204369552 0.000231019461145963 0.0107832447360527 "TRINITY_DN5331_c2_g1"
"TRINITY_DN5333_c1_g1" 572.943390019843 -2.23734700608349 0.539194484133081 -4.14942487714931 3.33311648903612e-05 0.00267887738200557 "TRINITY_DN5333_c1_g1"
"TRINITY_DN5346_c0_g1" 306.826928699545 -3.43425736363602 1.11912667108358 -3.0686940561526 0.00214996644507916 0.0498084331569594 "TRINITY_DN5346_c0_g1"
"TRINITY_DN5351_c0_g1" 1263.68638438034 -3.68030503516073 0.625266583359993 -5.88597749040719 3.95708172295409e-09 1.42662217735645e-06 "TRINITY_DN5351_c0_g1"
"TRINITY_DN5366_c0_g1" 531.071279752679 -2.619836560913 0.566358700589646 -4.6257549467951 3.73236382041956e-06 0.000469397449906918 "TRINITY_DN5366_c0_g1"
"TRINITY_DN53735_c0_g2" 94.3478266674647 -19.9558600320945 5.00675732926065 -3.98578535361955 6.72572930232279e-05 0.00433735064292043 "TRINITY_DN53735_c0_g2"
"TRINITY_DN5384_c0_g2" 138.048174946103 -3.92608168632375 1.12728955590811 -3.48276240629324 0.000496268593750753 0.0180444512622581 "TRINITY_DN5384_c0_g2"
"TRINITY_DN5436_c1_g1" 23.2642637466188 -22.5385867243745 1.4878252956734 -15.1486782688242 7.73056848432918e-52 4.87734449957135e-48 "TRINITY_DN5436_c1_g1"
"TRINITY_DN5438_c1_g1" 224.753481572335 -8.19057007644539 1.82770922660092 -4.48133103298812 7.41789488409729e-06 0.000842850288202509 "TRINITY_DN5438_c1_g1"
"TRINITY_DN5447_c2_g1" 164.851807288615 -2.36578885145765 0.742241622765952 -3.18735675674126 0.00143579556971067 0.0381685683226107 "TRINITY_DN5447_c2_g1"
"TRINITY_DN54974_c0_g1" 20.3550467074589 -3.93444856969382 0.846931561423184 -4.64553306182423 3.3919944248592e-06 0.000436748125690629 "TRINITY_DN54974_c0_g1"
"TRINITY_DN5509_c0_g1" 104.342920043493 -4.97624809047299 1.19489104780597 -4.16460404453632 3.11893371964467e-05 0.00252820633741218 "TRINITY_DN5509_c0_g1"
"TRINITY_DN55498_c0_g1" 18.0090600021294 -3.35423112680965 0.996458165013866 -3.3661534869986 0.000762242824986367 0.0245781108516686 "TRINITY_DN55498_c0_g1"
"TRINITY_DN5592_c0_g1" 64.5476703076759 -6.1050339066815 1.67511534212063 -3.64454539527575 0.000267864855032433 0.0119294401026503 "TRINITY_DN5592_c0_g1"
"TRINITY_DN563_c2_g1" 1032.79016370074 -5.95451262791161 0.855880019575165 -6.95718148773616 3.47147637602739e-12 3.12887471939326e-09 "TRINITY_DN563_c2_g1"
"TRINITY_DN5639_c0_g1" 93.9745761116701 -2.79076962488872 0.700308100424116 -3.98505975184149 6.74631474268152e-05 0.00434038988634883 "TRINITY_DN5639_c0_g1"
"TRINITY_DN5698_c1_g1" 129.93135150394 -6.47827766484489 1.478538138254 -4.38154248255989 1.17842060397642e-05 0.00121882819572479 "TRINITY_DN5698_c1_g1"
"TRINITY_DN570_c0_g1" 1306.67073252652 -2.94800175335384 0.958318916624722 -3.07622201984382 0.00209641679637615 0.0489697475622809 "TRINITY_DN570_c0_g1"
"TRINITY_DN5778_c0_g1" 356.113386094093 -5.58581132595538 1.11782846168643 -4.99702013091369 5.82229926109685e-07 0.000104456463757735 "TRINITY_DN5778_c0_g1"
"TRINITY_DN5781_c0_g1" 19.2394049133536 -2.9758811040209 0.81540676541379 -3.64956636398613 0.000262683371361336 0.0117733693065618 "TRINITY_DN5781_c0_g1"
"TRINITY_DN5785_c0_g1" 7061.72642746935 -8.55068808584185 1.26738272056657 -6.74672926108646 1.51215054528205e-11 1.08004639418211e-08 "TRINITY_DN5785_c0_g1"
"TRINITY_DN5802_c0_g1" 912.267245596113 -4.17747777601075 0.888320879028132 -4.70266755474792 2.56784338097113e-06 0.000349660831606698 "TRINITY_DN5802_c0_g1"
"TRINITY_DN5819_c0_g1" 246.301304075407 -2.65605047842489 0.792129797051086 -3.35304957383593 0.000799263894727901 0.0253613870368187 "TRINITY_DN5819_c0_g1"
"TRINITY_DN5825_c1_g1" 42.9356592644102 -3.93900237907333 1.08763652220581 -3.62161650390768 0.000292767905160707 0.0126701526218003 "TRINITY_DN5825_c1_g1"
"TRINITY_DN5841_c0_g1" 304.812670111257 -2.42925535060922 0.605797424589455 -4.01001267421285 6.07154887308281e-05 0.00409345188731916 "TRINITY_DN5841_c0_g1"
"TRINITY_DN5897_c1_g1" 784.843609377045 -5.0861407349416 1.20610998883118 -4.21697919927725 2.47596804269749e-05 0.00212029132051253 "TRINITY_DN5897_c1_g1"
"TRINITY_DN59_c1_g2" 26.2759031811474 -4.85151391147735 1.26858440466679 -3.82435247795094 0.000131116224521136 0.00712109710078566 "TRINITY_DN59_c1_g2"
"TRINITY_DN5936_c0_g1" 505.883394851619 -2.38217940005201 0.771741248909769 -3.08675919994855 0.0020235144368654 0.0476369023678731 "TRINITY_DN5936_c0_g1"
"TRINITY_DN5957_c0_g1" 265.855757765087 -2.52079118384481 0.413128019765638 -6.10171923287804 1.04933584017332e-09 4.96532602872012e-07 "TRINITY_DN5957_c0_g1"
"TRINITY_DN5963_c0_g2" 392.59375382961 -4.27662395799388 0.819712369637257 -5.21722511017662 1.81623477406692e-07 3.97419464579787e-05 "TRINITY_DN5963_c0_g2"
"TRINITY_DN6001_c1_g1" 278.589838302959 -4.36884075505974 0.862168880355657 -5.0672679733668 4.0356596368984e-07 7.75481703323802e-05 "TRINITY_DN6001_c1_g1"
"TRINITY_DN60104_c0_g1" 23.5221197334033 -4.69590119350516 1.41889555979102 -3.30954675353048 0.000934471578578942 0.0284467395185466 "TRINITY_DN60104_c0_g1"
"TRINITY_DN602_c1_g1" 576.196524668077 -2.10369708914663 0.358668511332205 -5.86529629080862 4.48331386337731e-09 1.60109288960517e-06 "TRINITY_DN602_c1_g1"
"TRINITY_DN602_c1_g2" 102.862859527031 -2.17965229910606 0.553087392536234 -3.94088227017988 8.11824652664858e-05 0.00506287021855489 "TRINITY_DN602_c1_g2"
"TRINITY_DN60293_c0_g1" 20.0507190293592 -2.54880609967229 0.777677428384987 -3.27745927378326 0.00104745839897057 0.0307614722211258 "TRINITY_DN60293_c0_g1"
"TRINITY_DN609_c0_g1" 2790.23615591435 -2.63366243485553 0.455056211411863 -5.7875540841082 7.14186963377755e-09 2.39252632731548e-06 "TRINITY_DN609_c0_g1"
"TRINITY_DN61231_c1_g1" 23.2529567946371 -17.5045086672867 2.76372646188446 -6.33366178190846 2.394100193627e-10 1.31345888159058e-07 "TRINITY_DN61231_c1_g1"
"TRINITY_DN614_c0_g1" 1020.76248677104 -3.66959804095921 0.673303187908221 -5.45014208585542 5.03295941096958e-08 1.36444097037433e-05 "TRINITY_DN614_c0_g1"
"TRINITY_DN6160_c0_g1" 35.2982028155727 -5.53028744314185 1.34215218297751 -4.12046227937663 3.78112970448578e-05 0.00295123020542906 "TRINITY_DN6160_c0_g1"
"TRINITY_DN6176_c0_g1" 60.8214638170526 -5.26042699397138 1.58592350568707 -3.31694875264013 0.000910063077388371 0.0280541024385479 "TRINITY_DN6176_c0_g1"
"TRINITY_DN62166_c0_g1" 10.2289735180153 -5.22806217818308 1.21090548239386 -4.31748163188396 1.57819537430272e-05 0.00151630928665557 "TRINITY_DN62166_c0_g1"
"TRINITY_DN6219_c0_g1" 2688.07055422372 -4.6615074158228 1.21072673368014 -3.85017302926285 0.000118034408716839 0.00656122252859901 "TRINITY_DN6219_c0_g1"
"TRINITY_DN6243_c0_g1" 121.106361386787 -5.14053047572743 1.05956125930303 -4.8515651460387 1.22490961165979e-06 0.000190036694054841 "TRINITY_DN6243_c0_g1"
"TRINITY_DN6382_c0_g1" 387.779866219548 -3.92154135831423 1.06135069218538 -3.69485918951027 0.000220008678232557 0.0104497221009955 "TRINITY_DN6382_c0_g1"
"TRINITY_DN6406_c4_g1" 37.3615974044121 -21.5433185374369 3.10932264321011 -6.92862112089957 4.24962242869766e-12 3.49716210952934e-09 "TRINITY_DN6406_c4_g1"
"TRINITY_DN6460_c0_g1" 193.656686043497 -5.40222173227072 1.15574602689382 -4.67422911830354 2.95059789565063e-06 0.000397490688042187 "TRINITY_DN6460_c0_g1"
"TRINITY_DN6466_c1_g1" 37.0332465954185 -3.60072996663046 0.932833657939528 -3.85999147434696 0.000113390981173708 0.00638752320287309 "TRINITY_DN6466_c1_g1"
"TRINITY_DN64799_c0_g1" 10.0153399990647 -5.22740532948726 1.37321896206839 -3.80668012449637 0.000140844722303594 0.00750940417296134 "TRINITY_DN64799_c0_g1"
"TRINITY_DN6514_c1_g1" 152.303851508051 -2.17411560300387 0.699992994587755 -3.10591051598204 0.00189694110833792 0.0456076296459196 "TRINITY_DN6514_c1_g1"
"TRINITY_DN6537_c0_g1" 682.050249298498 -7.12117872089536 1.44128501843395 -4.94085391148585 7.77811714431926e-07 0.0001320361544835 "TRINITY_DN6537_c0_g1"
"TRINITY_DN6557_c0_g2" 141.921163319095 -3.26989527547452 0.802211123669826 -4.07610313419231 4.57967129808414e-05 0.00337940461966813 "TRINITY_DN6557_c0_g2"
"TRINITY_DN6558_c0_g1" 156.555317832919 -3.71518001502529 1.18681612901779 -3.13037540035792 0.00174583043699681 0.0431668263830924 "TRINITY_DN6558_c0_g1"
"TRINITY_DN659_c0_g2" 25.5338728171445 -2.00834915986425 0.62850758622306 -3.19542548711811 0.00139624831260966 0.0374858013289636 "TRINITY_DN659_c0_g2"
"TRINITY_DN662_c1_g1" 889.224628875707 -4.12771814662385 0.922085077714848 -4.47650465925915 7.58750130367268e-06 0.000857387647315013 "TRINITY_DN662_c1_g1"
"TRINITY_DN66293_c0_g1" 2258.10239160816 -8.02399604777331 1.15931667672544 -6.92131512369647 4.47469839886388e-12 3.60403633806366e-09 "TRINITY_DN66293_c0_g1"
"TRINITY_DN6671_c2_g1" 43.533742732405 -4.19171227759417 0.96149458667785 -4.35957969568747 1.30312489893539e-05 0.00131546114797864 "TRINITY_DN6671_c2_g1"
"TRINITY_DN66768_c0_g1" 24.3891418594016 -2.3800999008651 0.685828504505026 -3.47040096063499 0.000519681954204511 0.0187001524490606 "TRINITY_DN66768_c0_g1"
"TRINITY_DN669_c0_g1" 206.173113680802 -4.1158334434219 1.28585930731348 -3.20084275162345 0.00137026290143978 0.0369190762519593 "TRINITY_DN669_c0_g1"
"TRINITY_DN670_c0_g2" 120.52002786286 -2.10478348987309 0.521389056637016 -4.03687699824205 5.41674500381234e-05 0.00375898464084355 "TRINITY_DN670_c0_g2"
"TRINITY_DN6715_c0_g1" 795.055717252311 -3.15290609278851 0.730749343088354 -4.31462049553604 1.59877312858736e-05 0.00152832214097663 "TRINITY_DN6715_c0_g1"
"TRINITY_DN6746_c0_g1" 12372.9241121986 -4.81908361194602 0.490987096758892 -9.81509217606286 9.69493460015212e-23 2.15883381934564e-19 "TRINITY_DN6746_c0_g1"
"TRINITY_DN6746_c0_g2" 1466.0386223651 -5.15682916098973 0.627707213504 -8.21534156378922 2.11561205809344e-16 3.64029520268759e-13 "TRINITY_DN6746_c0_g2"
"TRINITY_DN6746_c1_g1" 5394.3623115895 -6.12235087215745 0.943731713193089 -6.48738490671533 8.73390104578346e-11 5.42002990308415e-08 "TRINITY_DN6746_c1_g1"
"TRINITY_DN6747_c0_g1" 449.372873419049 -2.6826290604082 0.753878238816963 -3.55843811676799 0.000373066661524524 0.0147724251799277 "TRINITY_DN6747_c0_g1"
"TRINITY_DN6753_c0_g1" 65.7739811042323 -4.02268526236233 1.25409069588505 -3.20765099012508 0.00133823792081503 0.0363668316528737 "TRINITY_DN6753_c0_g1"
"TRINITY_DN6758_c0_g1" 6060.98502921906 -7.85260016375244 1.29745033548359 -6.05233198450375 1.42763869117574e-09 6.14127984709746e-07 "TRINITY_DN6758_c0_g1"
"TRINITY_DN67709_c1_g1" 3012.81680281903 -2.01422078692263 0.641697961886488 -3.13889229288051 0.0016958776913114 0.0425148675527107 "TRINITY_DN67709_c1_g1"
"TRINITY_DN67725_c0_g1" 50.860188733567 -4.00626874405524 1.00453330870151 -3.98818905192289 6.6579597690706e-05 0.00430832593261825 "TRINITY_DN67725_c0_g1"
"TRINITY_DN67752_c0_g1" 28.1043564082926 -2.54477198688792 0.647319391267298 -3.93124633869822 8.45066281037163e-05 0.00521009512518922 "TRINITY_DN67752_c0_g1"
"TRINITY_DN6783_c1_g1" 2864.61355292658 -7.26975012577552 1.10403108629162 -6.58473318010837 4.55703012512027e-11 2.9238368709564e-08 "TRINITY_DN6783_c1_g1"
"TRINITY_DN6824_c0_g1" 9167.72627958492 -3.03354755640295 0.871074917553918 -3.48253347131326 0.000496693124165181 0.0180444512622581 "TRINITY_DN6824_c0_g1"
"TRINITY_DN6832_c0_g1" 846.652405061539 -8.18921244511385 1.36531865244802 -5.99802282817317 1.99734447963822e-09 8.21842122572877e-07 "TRINITY_DN6832_c0_g1"
"TRINITY_DN68468_c0_g1" 15.7469175968437 -4.45069425633592 1.2730275316722 -3.4961492549102 0.000472024593870609 0.0175182907958439 "TRINITY_DN68468_c0_g1"
"TRINITY_DN6879_c0_g1" 8.73578616698829 -4.56525335290039 1.26392576428697 -3.61196320376919 0.000303887693458439 0.0128964895020955 "TRINITY_DN6879_c0_g1"
"TRINITY_DN69293_c0_g1" 16.1341305464479 -6.73614832101833 2.04676087523907 -3.29112618992754 0.000997871396698506 0.0298376158941721 "TRINITY_DN69293_c0_g1"
"TRINITY_DN694_c0_g1" 261.806395000801 -2.71091243592548 0.862077388283874 -3.14462770137384 0.00166298313702054 0.0420347445711553 "TRINITY_DN694_c0_g1"
"TRINITY_DN6942_c1_g1" 26.548139149832 -3.91716222057772 0.923807496245072 -4.24023645239891 2.23284455253261e-05 0.00195658172537319 "TRINITY_DN6942_c1_g1"
"TRINITY_DN6944_c0_g2" 976.766633349949 -5.47151601781012 1.10004513207611 -4.97390139573978 6.56186952578115e-07 0.000115838120949408 "TRINITY_DN6944_c0_g2"
"TRINITY_DN69481_c0_g1" 16.4273033696938 -4.54822674625073 1.31923675782293 -3.44761978415188 0.000565549565750271 0.0198308283429862 "TRINITY_DN69481_c0_g1"
"TRINITY_DN6963_c2_g1" 216.43318826454 -3.90026082923315 0.586778475947051 -6.64690507425003 2.99319929192027e-11 1.95357860682141e-08 "TRINITY_DN6963_c2_g1"
"TRINITY_DN70_c3_g2" 38.6551487354349 -3.63102343638485 0.908115921122749 -3.99841402614727 6.3768335316499e-05 0.00419088599549665 "TRINITY_DN70_c3_g2"
"TRINITY_DN70_c7_g1" 83.0324958975455 -4.04182163976728 1.21660148661447 -3.32222316365464 0.000893032386021632 0.0275740138440855 "TRINITY_DN70_c7_g1"
"TRINITY_DN7054_c0_g1" 1098.75115498002 -3.58919004279548 0.896878679439897 -4.00186795056488 6.28443706830571e-05 0.00415904484651596 "TRINITY_DN7054_c0_g1"
"TRINITY_DN70585_c1_g1" 15.6181998363373 -2.23112572661276 0.647324700973922 -3.44668714673788 0.000567505351510596 0.0198534167629323 "TRINITY_DN70585_c1_g1"
"TRINITY_DN70675_c0_g1" 339.720085619977 -4.07553849458611 0.985053708677894 -4.13737693557457 3.51298753434946e-05 0.00279966617079576 "TRINITY_DN70675_c0_g1"
"TRINITY_DN7096_c8_g1" 108.684522570199 -3.80565959526639 1.16524117142676 -3.26598449195423 0.00109084223234194 0.0316913528052985 "TRINITY_DN7096_c8_g1"
"TRINITY_DN7129_c0_g1" 2108.07980202376 -5.82658592760717 1.31553890651949 -4.42904873336092 9.46496359728847e-06 0.00102370341992959 "TRINITY_DN7129_c0_g1"
"TRINITY_DN7154_c0_g2" 209.259169926784 -3.4200522839055 0.835106282938931 -4.09534972227673 4.21531585120628e-05 0.00320423256119305 "TRINITY_DN7154_c0_g2"
"TRINITY_DN7158_c0_g1" 506.078658499232 -2.8618502893499 0.828175158266441 -3.45560991631336 0.000549049279641154 0.0193883026873282 "TRINITY_DN7158_c0_g1"
"TRINITY_DN71674_c0_g1" 26.7675341466438 -3.31228715611893 1.05619343188625 -3.13606111922466 0.0017123351400328 0.042616993245195 "TRINITY_DN71674_c0_g1"
"TRINITY_DN7195_c0_g1" 130.929383382156 -7.5629287752246 1.33931911532291 -5.64684598965138 1.6341810064388e-08 5.112555537086e-06 "TRINITY_DN7195_c0_g1"
"TRINITY_DN721_c0_g1" 345.67215408044 -4.36109029177459 0.903955028009981 -4.82445493043537 1.40386656578101e-06 0.00021342718412707 "TRINITY_DN721_c0_g1"
"TRINITY_DN7225_c0_g1" 423.178709362301 -3.8536261128427 0.748358956111079 -5.14943541648576 2.61271716514478e-07 5.46433194953345e-05 "TRINITY_DN7225_c0_g1"
"TRINITY_DN7259_c0_g2" 41.8516838687658 -7.2725577087585 2.02448200042512 -3.59230544269169 0.000327765349239375 0.0135384005061424 "TRINITY_DN7259_c0_g2"
"TRINITY_DN7292_c0_g1" 483.891984746898 -5.74013679503982 1.39475031609584 -4.11553001909869 3.86290715195993e-05 0.00299652357043941 "TRINITY_DN7292_c0_g1"
"TRINITY_DN733_c1_g1" 896.856824916224 -2.01515521573909 0.522256536677955 -3.85855431998492 0.000114059718786155 0.00641564733231785 "TRINITY_DN733_c1_g1"
"TRINITY_DN7341_c0_g1" 308.67951602008 -2.42788652602518 0.594384147067304 -4.08470942235655 4.41320084586784e-05 0.00328453456479895 "TRINITY_DN7341_c0_g1"
"TRINITY_DN7348_c0_g1" 374.857416002266 -8.73560413730632 1.20699176115282 -7.23750104885783 4.57027214145694e-13 4.8057681087459e-10 "TRINITY_DN7348_c0_g1"
"TRINITY_DN7350_c0_g1" 1777.48883293139 -7.77440338185462 1.2981502394471 -5.98883175892324 2.11353651672962e-09 8.51148136604252e-07 "TRINITY_DN7350_c0_g1"
"TRINITY_DN7372_c0_g1" 40.8439832264431 -23.4470085610088 1.62632700548231 -14.417155026 4.0364078648263e-47 1.90997774653749e-43 "TRINITY_DN7372_c0_g1"
"TRINITY_DN7378_c0_g1" 363.759566749445 -2.19764025684689 0.551618145746983 -3.98398833285464 6.77682011554919e-05 0.00434807670295109 "TRINITY_DN7378_c0_g1"
"TRINITY_DN74244_c0_g1" 8.79722159504801 -3.89687032464428 1.23674861655507 -3.15089927935307 0.00162768609995467 0.0414383087314236 "TRINITY_DN74244_c0_g1"
"TRINITY_DN7436_c0_g1" 25.021488048049 -3.5188500587577 0.885639180000231 -3.97323214489763 7.09038838267589e-05 0.00452625045912641 "TRINITY_DN7436_c0_g1"
"TRINITY_DN7439_c0_g1" 289.272475590198 -2.05252423240427 0.426662455658398 -4.81065114866257 1.50439387987915e-06 0.000225121957196203 "TRINITY_DN7439_c0_g1"
"TRINITY_DN7460_c0_g1" 140.747169242151 -4.26894811279519 1.1506250129332 -3.71011238658255 0.000207167260095127 0.00997750207493768 "TRINITY_DN7460_c0_g1"
"TRINITY_DN7484_c0_g2" 189.983662645751 -2.66257271313345 0.473744286031912 -5.62027404158306 1.90654797706402e-08 5.86767265624052e-06 "TRINITY_DN7484_c0_g2"
"TRINITY_DN74957_c0_g1" 14.4086618237912 -20.6328403959227 5.00217046081656 -4.12477754557659 3.71093252959191e-05 0.00291446786115564 "TRINITY_DN74957_c0_g1"
"TRINITY_DN7509_c0_g1" 241.298441038519 -5.13022602776721 1.61071815007721 -3.18505508087886 0.00144726458826791 0.0382153148468726 "TRINITY_DN7509_c0_g1"
"TRINITY_DN7519_c1_g1" 181.394270797396 -5.30877113023067 0.887003966219985 -5.98505906670777 2.16311348231046e-09 8.61943798661711e-07 "TRINITY_DN7519_c1_g1"
"TRINITY_DN75509_c0_g1" 22.3020452909099 -4.67552794552511 1.11363341078247 -4.19844438955898 2.68754832460688e-05 0.00225082172185827 "TRINITY_DN75509_c0_g1"
"TRINITY_DN7563_c0_g1" 31.4470014739668 -2.31505773437296 0.707088113273942 -3.27407248249987 0.00106009415382009 0.0310843254785898 "TRINITY_DN7563_c0_g1"
"TRINITY_DN75691_c0_g1" 3903.60047674684 -2.10406026029736 0.64321285338388 -3.2711725974195 0.00107102522491049 0.0313320400996806 "TRINITY_DN75691_c0_g1"
"TRINITY_DN76044_c0_g1" 13.6105694568464 -2.79213754864245 0.800857291107669 -3.48643582276766 0.000489502818548774 0.0178517622313717 "TRINITY_DN76044_c0_g1"
"TRINITY_DN7612_c0_g1" 89.6233438074303 -4.38624537047309 1.32493930373427 -3.31052551472411 0.000931209622224661 0.028405270144492 "TRINITY_DN7612_c0_g1"
"TRINITY_DN7683_c0_g1" 49.0658204566198 -4.17328988818845 1.08587637014264 -3.84324588225475 0.000121417712676238 0.00669337942614396 "TRINITY_DN7683_c0_g1"
"TRINITY_DN7731_c0_g1" 78.27461637572 -3.31294590748421 0.958401509449616 -3.45674112031266 0.000546749823913415 0.019343388258743 "TRINITY_DN7731_c0_g1"
"TRINITY_DN778_c0_g1" 537.702210887331 -2.54643239471855 0.817819525374845 -3.11368500715534 0.0018476663121768 0.0448067958023401 "TRINITY_DN778_c0_g1"
"TRINITY_DN7790_c0_g1" 234.50084759578 -2.33570624855218 0.616771603355807 -3.78698733184826 0.000152484871141651 0.00792900384212527 "TRINITY_DN7790_c0_g1"
"TRINITY_DN7819_c0_g1" 616.173538982984 -3.63747626233238 0.662559102461985 -5.49004043385107 4.01841740533607e-08 1.11034445897078e-05 "TRINITY_DN7819_c0_g1"
"TRINITY_DN7820_c0_g1" 532.890625999754 -3.61504471428223 1.10903384956686 -3.25963424443186 0.00111555973096631 0.0321381382159282 "TRINITY_DN7820_c0_g1"
"TRINITY_DN78720_c0_g1" 9.58693027209322 -16.6756946334217 2.68788161960223 -6.2040286714299 5.50357523748527e-10 2.74128737651322e-07 "TRINITY_DN78720_c0_g1"
"TRINITY_DN7873_c0_g1" 73.164536987688 -6.02099932683953 1.05558876607033 -5.70392516515129 1.17079494670051e-08 3.78807202626904e-06 "TRINITY_DN7873_c0_g1"
"TRINITY_DN7905_c0_g1" 25.5432445623432 -2.67585887347559 0.853551808907487 -3.13496948345829 0.00171871989770936 0.042691694047105 "TRINITY_DN7905_c0_g1"
"TRINITY_DN80078_c0_g1" 28.9490566950743 -3.98442667244011 1.06987878592469 -3.72418513653992 0.000195947095946599 0.00964574423544668 "TRINITY_DN80078_c0_g1"
"TRINITY_DN8012_c0_g3" 32.6257649427491 -4.38439477498773 1.08169730696373 -4.05325477539971 5.05099423165836e-05 0.00360303482565088 "TRINITY_DN8012_c0_g3"
"TRINITY_DN8108_c0_g1" 677.328216220071 -5.70412997525988 1.06465461542305 -5.35772812386981 8.42749265174935e-08 2.08630733423154e-05 "TRINITY_DN8108_c0_g1"
"TRINITY_DN812_c1_g1" 898.19531477469 -22.3297397459675 1.44909417547905 -15.4094468971181 1.41417034871989e-53 1.07066837101583e-49 "TRINITY_DN812_c1_g1"
"TRINITY_DN812_c1_g3" 26.1631460629124 -5.56430642478154 1.70589923010073 -3.26180253006678 0.00110706232923498 0.0319512821036301 "TRINITY_DN812_c1_g3"
"TRINITY_DN8246_c0_g1" 1432.47244125664 -2.04722866414746 0.661617139356112 -3.09427997306694 0.00197291211999541 0.0467655531010809 "TRINITY_DN8246_c0_g1"
"TRINITY_DN8310_c0_g1" 46.1387460735407 -4.86387708893461 1.12623020139336 -4.31872372354877 1.56934086669116e-05 0.00151163863889552 "TRINITY_DN8310_c0_g1"
"TRINITY_DN8313_c0_g1" 26445.0019843277 -7.71126255435 1.2909725401249 -5.97321965779688 2.32616356030377e-09 9.07803315209269e-07 "TRINITY_DN8313_c0_g1"
"TRINITY_DN8398_c0_g1" 817.839877214 -2.46958427233114 0.46816929566205 -5.27498128393669 1.32769636975539e-07 3.09434091692951e-05 "TRINITY_DN8398_c0_g1"
"TRINITY_DN8424_c0_g1" 1321.32966741046 -3.02401194676486 0.768640872443964 -3.93423255928316 8.34629427234511e-05 0.00517101423370907 "TRINITY_DN8424_c0_g1"
"TRINITY_DN8432_c0_g1" 7314.50989899898 -3.45381190596956 0.555010588497003 -6.22296579119807 4.87843779773203e-10 2.46231017110861e-07 "TRINITY_DN8432_c0_g1"
"TRINITY_DN8449_c0_g1" 15.4751253565306 -4.30675172229876 1.39300761323193 -3.09169288192662 0.0019901863868265 0.0470571553237459 "TRINITY_DN8449_c0_g1"
"TRINITY_DN850_c0_g1" 93.3863443296476 -6.1253649231578 1.43957131646235 -4.25499233911555 2.0905617287132e-05 0.0018490236972065 "TRINITY_DN850_c0_g1"
"TRINITY_DN8505_c0_g1" 126.451602844895 -3.520088312586 0.872029926394727 -4.0366599884241 5.42175568326661e-05 0.00375898464084355 "TRINITY_DN8505_c0_g1"
"TRINITY_DN854_c0_g1" 806.430314661347 -2.59484844868845 0.411209572343298 -6.31028220938918 2.78527111296538e-10 1.50623482830435e-07 "TRINITY_DN854_c0_g1"
"TRINITY_DN858_c2_g1" 10.7375102787363 -4.88310302371705 1.44745032512342 -3.37358936535572 0.00074194958588356 0.0240879087252334 "TRINITY_DN858_c2_g1"
"TRINITY_DN8589_c0_g1" 610.78755303891 -2.18668831088005 0.570686246121815 -3.83168216465707 0.000127270088714625 0.00695210563967118 "TRINITY_DN8589_c0_g1"
"TRINITY_DN860_c1_g3" 138.804122431684 -4.18348036520387 1.31417371614381 -3.18335415920468 0.00145579430167168 0.0383500997145313 "TRINITY_DN860_c1_g3"
"TRINITY_DN860_c3_g1" 52.7203413303023 -3.8702228389441 1.05537682933742 -3.66714781996293 0.000245271019778919 0.0111999209333305 "TRINITY_DN860_c3_g1"
"TRINITY_DN8612_c0_g1" 222.953689412814 -4.71525750727123 1.0833707735932 -4.35239497151304 1.34658386034864e-05 0.00134250747822246 "TRINITY_DN8612_c0_g1"
"TRINITY_DN867_c0_g1" 575.275980028928 -3.23801897758891 0.740902844047846 -4.37036921048693 1.24036630648144e-05 0.00126560826231415 "TRINITY_DN867_c0_g1"
"TRINITY_DN8692_c0_g1" 535.080745812265 -7.76124385750688 1.27781149808545 -6.07385664406338 1.24874215477085e-09 5.62751598438696e-07 "TRINITY_DN8692_c0_g1"
"TRINITY_DN8692_c0_g2" 871.774913462564 -2.05643806348142 0.544427384916369 -3.77724949268912 0.000158569866056254 0.00822282504049245 "TRINITY_DN8692_c0_g2"
"TRINITY_DN86956_c0_g1" 42.3436949474057 -4.46170339689459 1.06525902957418 -4.18837416349158 2.80960026116483e-05 0.00231850869599295 "TRINITY_DN86956_c0_g1"
"TRINITY_DN8729_c0_g1" 84.1845195598612 -6.24811123463409 1.16467712854366 -5.36467238988963 8.10962747454926e-08 2.03304601356995e-05 "TRINITY_DN8729_c0_g1"
"TRINITY_DN8752_c0_g1" 235.676190381237 -3.44733854056388 0.986779258831442 -3.49352553746039 0.00047668738916092 0.0175535030317963 "TRINITY_DN8752_c0_g1"
"TRINITY_DN8754_c0_g1" 22.016232336762 -4.95811571941674 1.29776575040542 -3.82050128682146 0.000133180710318435 0.00722285929671113 "TRINITY_DN8754_c0_g1"
"TRINITY_DN87594_c0_g1" 12.1542848719862 -6.37308856711079 1.95817235198316 -3.25461063764708 0.00113547922577921 0.0325633076453576 "TRINITY_DN87594_c0_g1"
"TRINITY_DN87654_c0_g1" 183.486239989109 -5.84549395660061 1.34764054199134 -4.33757650831952 1.44062393933438e-05 0.00142761306867809 "TRINITY_DN87654_c0_g1"
"TRINITY_DN8795_c0_g1" 85.3241845290694 -4.72068935344188 1.36930259755909 -3.44751361887208 0.000565771882457406 0.0198308283429862 "TRINITY_DN8795_c0_g1"
"TRINITY_DN8809_c0_g1" 62.780985547969 -3.63689094547291 1.16857833049393 -3.11223548355179 0.00185676325947735 0.0449697845089667 "TRINITY_DN8809_c0_g1"
"TRINITY_DN8810_c0_g1" 146.43673796097 -2.39277574028755 0.733593293619978 -3.2617197582058 0.00110738560612766 0.0319512821036301 "TRINITY_DN8810_c0_g1"
"TRINITY_DN8851_c0_g2" 634.777729815786 -2.81777827606165 0.635997457345014 -4.43048670009551 9.40206461878077e-06 0.00102274470156306 "TRINITY_DN8851_c0_g2"
"TRINITY_DN88694_c0_g2" 10.3923907268443 -3.37064714839893 1.03106559743796 -3.26909088691782 0.00107893638777916 0.0314662072106163 "TRINITY_DN88694_c0_g2"
"TRINITY_DN8876_c5_g2" 9.58929533620866 -3.37443965566544 0.988426865594531 -3.41394975503396 0.000640283825857917 0.021718588017788 "TRINITY_DN8876_c5_g2"
"TRINITY_DN8895_c0_g1" 119.487034706423 -4.42605668200621 0.950005909499628 -4.65897805239699 3.17783078613034e-06 0.000417697168086681 "TRINITY_DN8895_c0_g1"
"TRINITY_DN8904_c0_g1" 124.293875739761 -3.90262735922654 1.21447555625638 -3.21342602502135 0.00131161580198983 0.0358492535626895 "TRINITY_DN8904_c0_g1"
"TRINITY_DN89573_c0_g1" 15.4259739811292 -21.6059019433452 5.00029665794208 -4.32092402138343 1.55377171873484e-05 0.00150045990848744 "TRINITY_DN89573_c0_g1"
"TRINITY_DN900_c0_g1" 1860.50179601485 -3.51753082947822 0.772778754914053 -4.55179546165116 5.31900335746846e-06 0.000639209117768154 "TRINITY_DN900_c0_g1"
"TRINITY_DN9004_c0_g2" 1276.29295453093 -3.29541603507784 0.85539665631017 -3.85250048707568 0.000116917744078662 0.00653754978153285 "TRINITY_DN9004_c0_g2"
"TRINITY_DN9019_c0_g1" 61.9634020359521 -4.41610112914626 1.28308736026074 -3.44177743926092 0.000577905511146455 0.0200568099401432 "TRINITY_DN9019_c0_g1"
"TRINITY_DN9044_c0_g1" 219.19908963675 -3.64035497780296 0.942894162599157 -3.86083096300867 0.00011300206263238 0.00638752320287309 "TRINITY_DN9044_c0_g1"
"TRINITY_DN9211_c0_g1" 74.0213114736405 -6.73913165166155 1.55626240932727 -4.33033119046724 1.48885245565466e-05 0.0014639093430859 "TRINITY_DN9211_c0_g1"
"TRINITY_DN92525_c0_g1" 15.1572562048477 -6.84562021346884 1.60284909921546 -4.27090748394189 1.9467916240947e-05 0.00176305734282547 "TRINITY_DN92525_c0_g1"
"TRINITY_DN929_c0_g2" 238.828447979001 -7.93669647010002 1.57331744983933 -5.04456139535638 4.5456286226512e-07 8.56093390599309e-05 "TRINITY_DN929_c0_g2"
"TRINITY_DN93072_c0_g1" 11.755511324825 -17.586395235397 2.26426639549533 -7.76692851617834 8.04121940837603e-15 1.01466786901358e-11 "TRINITY_DN93072_c0_g1"
"TRINITY_DN932_c0_g1" 477.629669245356 -3.80182638533107 1.07548861906542 -3.53497593366889 0.000407812298940666 0.0158661198113041 "TRINITY_DN932_c0_g1"
"TRINITY_DN9329_c0_g2" 926.042466784569 -2.1630538783112 0.666938046386928 -3.24326058474147 0.00118170078406844 0.0334329470709349 "TRINITY_DN9329_c0_g2"
"TRINITY_DN93298_c0_g1" 9.06270476509632 -6.29534460697379 1.88045559923097 -3.34777625674774 0.000814627509173123 0.0256553447252484 "TRINITY_DN93298_c0_g1"
"TRINITY_DN934_c0_g2" 283.601881688996 -6.96044500465307 1.38983403999519 -5.00811233884957 5.49664513018545e-07 0.000101231993370667 "TRINITY_DN934_c0_g2"
"TRINITY_DN9369_c0_g1" 352.392568787913 -2.04309806509195 0.481711487361867 -4.24133141661441 2.22197753318984e-05 0.00195157678698147 "TRINITY_DN9369_c0_g1"
"TRINITY_DN938_c1_g1" 258.51948188651 -3.06815614361841 0.749916368722546 -4.09133107581702 4.28904306980977e-05 0.00323144176947533 "TRINITY_DN938_c1_g1"
"TRINITY_DN9449_c0_g1" 607.666425586951 -2.28713217294247 0.706837739589532 -3.23572447372524 0.0012133444100778 0.0339978924082126 "TRINITY_DN9449_c0_g1"
"TRINITY_DN9487_c0_g1" 87.8949332452743 -3.82396369807724 1.07318954990518 -3.56317641968755 0.000366394261031993 0.0146615800754398 "TRINITY_DN9487_c0_g1"
"TRINITY_DN9608_c1_g1" 60.6412641224375 -3.11324648295463 0.940882235755504 -3.30885881850535 0.000936770618700414 0.0284830937918909 "TRINITY_DN9608_c1_g1"
"TRINITY_DN968_c1_g1" 200.491304441514 -2.00907611536017 0.579935670160797 -3.46430857547203 0.000531596334357629 0.0190407796622439 "TRINITY_DN968_c1_g1"
"TRINITY_DN9703_c0_g1" 93.6366943435704 -3.49240400038604 1.12586544199874 -3.10197282029192 0.00192235607571025 0.0459701764030394 "TRINITY_DN9703_c0_g1"
"TRINITY_DN9795_c0_g1" 132.629046211199 -4.274605677782 1.28276324194635 -3.33234188352334 0.000861183909292518 0.0268093066498917 "TRINITY_DN9795_c0_g1"
"TRINITY_DN9796_c0_g1" 220.090100697577 -2.09683792324009 0.494019369054275 -4.24444476186059 2.19135337747344e-05 0.00192915539777342 "TRINITY_DN9796_c0_g1"
"TRINITY_DN98247_c0_g1" 10.5170819383377 -5.85704043808787 1.69870116285471 -3.44795221558863 0.000564853959714455 0.0198308283429862 "TRINITY_DN98247_c0_g1"
"TRINITY_DN985_c0_g1" 25.8043393823878 -2.21636133440747 0.688023331963489 -3.22134618324992 0.00127589929792033 0.0350756484551736 "TRINITY_DN985_c0_g1"
"TRINITY_DN9879_c0_g1" 1259.03851823924 -4.93305527376003 0.822720084633005 -5.99603117257135 2.0219822364275e-09 8.23033737203904e-07 "TRINITY_DN9879_c0_g1"
"TRINITY_DN9924_c0_g1" 94.896266256412 -4.14820751652975 1.12694617748261 -3.68092780242272 0.000232386805205396 0.0108204212928047 "TRINITY_DN9924_c0_g1"
"TRINITY_DN9928_c0_g1" 284.004434613934 -3.21334160425734 0.451677768592473 -7.11423458867772 1.12535601337735e-12 1.12106189174736e-09 "TRINITY_DN9928_c0_g1"
"TRINITY_DN9984_c1_g1" 88.6363088275252 -9.41388028745378 1.46820407706833 -6.41183363708619 1.43779689982346e-10 8.63933359409795e-08 "TRINITY_DN9984_c1_g1"
